0.01 3.07216065975837 0
0.025103125195797 3.11891027349199 0
0.0446731745785522 3.18054475234839 0
0.0677134231837388 3.25466949509285 0
0.0932568985156128 3.33886685074441 0
0.120526135827618 3.43115661281623 0
0.148954097517225 3.53008384445914 0
0.17814964158149 3.63465104895928 0
0.207851805787404 3.74421132955122 0
0.23789000595697 3.85836988766084 0
0.268154152104732 3.97690713409424 0
0.298573773579982 4.09972316596635 0
0.329104005306327 4.22679933007034 0
0.359716395717242 4.35817226716234 0
0.390392961068102 4.4939166561533 0
0.421122372433503 4.63413386510768 0
0.45189752337772 4.7789445513691 0
0.482713983504537 4.92848387800226 0
0.513569017283819 5.08289845445446 0
0.544460962342042 5.2423444104258 0
0.575388835848249 5.406986213883 0
0.606352085441767 5.57699597812209 0
0.63735043167739 5.75255309106755 0
0.66838376838485 5.93384405793352 0
0.699452099665757 6.12106248629964 0
0.730555500063287 6.31440916744522 0
0.761694089386602 6.51409222397556 0
0.792868016802466 6.72032730434376 0
0.824077450786997 6.93333781177101 0
0.855322572783038 7.15335515957391 0
0.886603573200856 7.38061904785185 0
0.917920648900737 7.615377758414 0
0.949274001612815 7.85788846608906 0
0.98066383694976 8.10841756539206 0
1.01209036379456 8.36724101207297 0
1.04355379392572 8.63464467943847 0
1.07505434179285 8.91092472958681 0
1.10659222438759 9.19638799986644 0
1.13816766117502 9.4913524049903 0
1.16978087406372 9.79614735532673 0
1.20143208740036 10.1111141919568 0
1.23312152798024 10.4366066391433 0
1.26484942506812 10.7729912749052 0
1.2966160104258 11.120648020434 0
1.32842151834442 11.4799706491304 0
1.36026618567986 11.851367316079 0
1.39215025189059 12.2352611088179 0
1.42407395907728 12.6320906203047 0
1.45603755202384 13.0423105450152 0
1.48804127823983 13.4663922991623 0
1.52008538800396 13.9048246660616 0
1.55217013440863 14.3581144677192 0
1.58429577340564 14.8267872637682 0
1.61646256385284 15.3113880789271 0
1.64867076756187 15.8124821602119 0
1.68092064934694 16.3306557651866 0
1.71321247707467 16.8665169825972 0
1.74554652171509 17.4206965867953 0
1.7779230573937 17.9938489274238 0
1.8103423614447 18.5866528559027 0
1.84280471446541 19.199812690327 0
1.8753104003719 19.8340592204607 0
1.90785970645587 20.4901507545931 0
1.94045292344278 21.1688742101017 0
1.97309034555136 21.8710462496561 0
2.00577227055441 22.597514465086 0
2.03849899984099 23.349158611033 0
2.07127083848012 24.1268918906061 0
2.10408809528585 24.9316622953637 0
2.13695108288389 25.7644540020592 0
2.16986011777981 26.6262888287015 0
2.20281552042882 27.518227752602 0
2.2358176153072 28.4413724932119 0
2.2688667309854 29.3968671626857 0
2.30196320020298 30.3858999872485 0
2.33510735994522 31.4097051025968 0
2.36829955152167 32.4695644267146 0
2.4015401206466 33.5668096136564 0
2.43482941752137 34.7028240920197 0
2.46816779691883 35.8790451920119 0
2.50155561826991 37.0969663652108 0
2.53499324575217 38.3581395013191 0
2.56848104838075 39.6641773464261 0
2.6020194001015 41.0167560275152 0
2.6356086798865 42.4176176881919 0
2.66924927183198 43.868573240856 0
2.70294156525881 45.3715052408042 0
2.73668595481551 46.9283708880257 0
2.77048284058396 48.5412051627457 0
2.80433262818788 50.2121241010783 0
2.83823572890412 51.9433282174753 0
2.8721925597769 53.7371060809985 0
2.90620354373511 55.5958380528042 0
2.94026910971267 57.5220001926108 0
2.97438969277224 59.5181683423182 0
3.00856573423218 61.5870223953768 0
3.04279768179698 63.7313507609485 0
3.07708598969133 65.9540550323755 0
3.11143111879778 68.2581548699731 0
3.14583353679835 70.6467931086907 0
3.18029371831998 73.1232411017421 0
3.21481214508411 75.6909043118963 0
3.24938930606055 78.3533281627452 0
3.28402569762564 81.1142041629213 0
3.31872182372501 83.9773763169377 0
3.35347819604103 86.9468478370622 0
3.38829533416512 90.0267881714151 0
3.42317376577511 93.2215403643114 0
3.4581140268178 96.5356287657403 0
3.493116661697 99.9737671078057 0
3.52818222346713 103.540866966932 0
3.5633112740327 107.242046631681 0
3.59850438435377 111.082640397134 0
3.63376213465775 115.068208307957 0
3.66908511465767 119.204546373514 0
3.70447392377725 123.497697279708 0
3.73992917138292 127.953961623632 0
3.77545147702323 132.579909698588 0
3.81104147067574 137.382393858619 0
3.84669979300186 142.36856149336 0
3.88242709560984 147.545868645807 0
3.9182240413263 152.922094307483 0
3.95409130447657 158.505355427491 0
3.99002957117434 164.304122674093 0
4.02603953962078 170.32723698971 0
4.06212192041375 176.58392698267 0
4.09827743686738 183.083827201615 0
4.13450682534247 189.836997341203 0
4.17081083558822 196.853942430678 0
4.20719023109572 204.145634059992 0
4.24364578946372 211.723532701499 0
4.28017830277721 219.599611188749 0
4.31678857799936 227.786379417734 0
4.35347743737747 236.296910339938 0
4.39024571886345 245.144867320861 0
4.42709427654949 254.344532942303 0
4.46402398111976 263.910839331584 0
4.50103572031862 273.859400106151 0
4.5381303994363 284.206544027634 0
4.57530894181279 294.969350465443 0
4.61257228936071 306.165686776404 0
4.64992140310825 317.814247713866 0
4.68735726376285 329.934596987058 0
4.72488087229695 342.547211099414 0
4.76249325055652 355.673525603071 0
4.80019544189382 369.335983915833 0
4.83798851182534 383.558088856695 0
4.87587354871626 398.364457066488 0
4.91385166449276 413.780876491518 0
4.95192399538364 429.834367120149 0
4.99009170269265 446.553245175379 0
5.02835597360313 463.967190980426 0
5.06671802201679 482.107320729492 0
5.1051790894282 501.006262412145 0
5.14374044583709 520.698236157267 0
5.18240339070037 541.219139281496 0
5.22116925392611 562.606636347449 0
5.26003939691168 584.900254559116 0
5.29901521362862 608.1414848456 0
5.33809813175675 632.373889010169 0
5.37728961387042 657.643213349443 0
5.41659115867975 683.997509177705 0
5.45600430233015 711.487260724028 0
5.49553061976352 740.16552090535 0
5.5351717261447 770.088055517044 0
5.57492927835717 801.313496424318 0
5.61480497657217 833.903504383077 0
5.65480056589561 867.922942168233 0
5.69491783809784 903.440058741058 0
5.73515863343123 940.526685245652 0
5.77552484254126 979.258443688246 0
5.81601840847705 1019.71496922254 0
5.85664132880793 1061.98014704016 0
5.8973956578528 1106.14236494808 0
5.93828350903004 1152.29478280569 0
5.97930705733588 1200.53562009331 0
6.02046854196022 1250.96846299259 0
6.06177026904923 1303.7025924788 0
6.10321461462515 1358.85333505582 0
6.14480402767443 1416.54243790844 0
6.18654103341627 1476.89847040534 0
6.22842823676494 1540.05725406033 0
6.27046832599996 1606.1623232518 0
6.31266407665996 1675.36541921312 0
6.35501835567724 1747.82702004092 0
6.39753412577158 1823.71690972883 0
6.44021445012361 1903.21478952146 0
6.48306249735022 1986.51093520351 0
6.52608154680611 2073.80690429368 0
6.56927499423861 2165.31629750809 0
6.61264635782498 2261.26557929813 0
6.65619928462468 2361.89496275883 0
6.69993755748248 2467.45936475276 0
6.74386510242166 2578.22943770896 0
6.78798599657113 2694.49268524542 0
6.83230447667473 2816.55466953733 0
6.87682494823633 2944.74031922412 0
6.92155199536036 3079.39534762946 0
6.96649039135427 3220.88779217671 0
7.01164511016671 3369.60968713612 0
7.05702133874443 3525.97888326191 0
7.10262449040057 3690.44102949239 0
7.14846021929822 3863.47173372591 0
7.19453443616644 4045.57892178395 0
7.24085332538054 4237.30541607453 0
7.28742336355562 4439.23175822222 0
7.33425133982228 4651.97930309729 0
7.38134437797599 4876.21361532617 0
7.42870996071841 5112.64820358419 0
7.47635595623965 5362.04863286338 0
7.5242906474266 5625.23706059584 0
7.57252276402473 5903.09724914978 0
7.62106151813039 6196.58011498195 0
7.66991664344929 6506.70988385417 0
7.71909843882637 6834.59093227649 0
7.76861781663495 7181.41540806809 0
7.8184863567116 7548.47173805016 0
7.86871636664203 7937.1541489318 0
7.9193209493457 8348.97334908038 0
7.97031407908051 8785.56854491732 0
8.02171068719927 9248.72099720826 0
8.07352675924826 9740.36936087687 0
8.12577944531609 10262.6270989068 0
8.17848718593548 10817.8023186648 0
8.23166985633257 11408.4204505315 0
8.28534893243633 12037.2502779491 0
8.33954768284326 12707.3339400537 0
8.39429139193056 13422.0216698867 0
8.44960762059571 14185.0122121471 0
8.50552651276801 15000.400097438 0
8.56208115802531 15872.7312527589 0
8.6193080235478 16807.0688256256 0
8.67724747252728 17809.0716271784 0
8.73594439142568 18885.0883092662 0
8.79544895573597 20042.2713569561 0
8.85581757403694 21288.7163133784 0
8.91711406452719 22633.6335288597 0
8.97941113903157 24087.562405779 0
9.04279230016559 25662.6420155901 0
9.10735430364602 27372.957781936 0
9.17321040938395 29234.9928078551 0
9.24049475910755 31268.2263798197 0
9.30936840611469 33495.9448209947 0
9.38002784410231 35946.3679996106 0
9.45271745709516 38654.2619252266 0
9.52774839862474 41663.3324234247 0
9.60552859890864 45029.9413355495 0
9.68661339507934 48829.2151224577 0
9.77179795768594 53165.8728503747 0
9.86230552934775 58195.5442250611 0
9.96023951517595 64173.944469031 0
10 66776.2577851728 0
