0.5 14.7168701805062 -0.5
0.7 6.45917001369713 -0.5
0.9 3.25746311121556 -0.5
1.1 1.73509318225874 -0.5
1.3 0.915451289612806 -0.5
1.5 0.435838079422565 -0.5
1.7 0.138066201006646 -0.5
1.9 -0.0550933103620108 -0.5
2.1 -0.184678421024663 -0.5
2.3 -0.272451821384367 -0.5
2.5 -0.33486993669637 -0.5
2.7 -0.379329006979243 -0.5
2.9 -0.411383323402655 -0.5
3.1 -0.434717218274362 -0.5
3.3 -0.451838230713936 -0.5
3.5 -0.464494449160997 -0.5
3.7 -0.47392903605426 -0.5
3.9 -0.480519293270273 -0.5
4.1 -0.48562161082273 -0.5
4.3 -0.489411526305635 -0.5
4.5 -0.492224330929647 -0.5
4.7 -0.494319344872262 -0.5
4.9 -0.495907920655638 -0.5
5.1 -0.496941038419686 -0.5
5.3 -0.497770809432482 -0.5
5.5 -0.498381005541763 -0.5
5.7 -0.498832140370867 -0.5
5.9 -0.499161291462106 -0.5
6.1 -0.499412036193262 -0.5
6.3 -0.499559394266438 -0.5
6.5 -0.499684488846461 -0.5
6.7 -0.499772918423694 -0.5
6.9 -0.499837459112061 -0.5
7.1 -0.499886474275719 -0.5
7.3 -0.499923889520183 -0.5
7.5 -0.499952294163607 -0.5
7.7 -0.499957377102891 -0.5
7.9 -0.499969716589523 -0.5

0.5 -0.859866511329163 -0.5
0.49 -0.828387029789395 -0.5
0.48 -0.799650928365964 -0.5
0.47 -0.773393608128952 -0.5
0.46 -0.749396683850496 -0.5
0.45 -0.727448053241503 -0.5
0.44 -0.707367127928264 -0.5
0.43 -0.68898006769698 -0.5
0.42 -0.672145869968829 -0.5
0.41 -0.656713543848539 -0.5
0.4 -0.642568260877235 -0.5
0.39 -0.629595452391882 -0.5
0.38 -0.617701614317156 -0.5
0.37 -0.606787398071416 -0.5
0.36 -0.596774772363683 -0.5
0.35 -0.587588503120541 -0.5
0.34 -0.579157023884906 -0.5
0.33 -0.571426128139039 -0.5
0.32 -0.564330548122968 -0.5
0.31 -0.557828880271292 -0.5
0.3 -0.551868313402839 -0.5
0.29 -0.546411839954935 -0.5
0.28 -0.541416761696889 -0.5
0.27 -0.536841896591259 -0.5
0.26 -0.532674217397796 -0.5
0.25 -0.528868567443634 -0.5
0.24 -0.525409416199657 -0.5
0.23 -0.522261977655425 -0.5
0.22 -0.519410861122954 -0.5
0.21 -0.516832830274214 -0.5
0.2 -0.514507552626434 -0.5
0.19 -0.512421730673202 -0.5
0.18 -0.510550174842595 -0.5
0.17 -0.508888046089975 -0.5
0.16 -0.507411157273619 -0.5
0.15 -0.506112878473442 -0.5
0.14 -0.504976138742771 -0.5
0.13 -0.503991697133598 -0.5
0.12 -0.503145152782437 -0.5
0.11 -0.5024279206638 -0.5
0.0999999999999997 -0.501826347620349 -0.5
0.0899999999999997 -0.501333737529326 -0.5
0.0799999999999997 -0.500933180960952 -0.5
0.0699999999999997 -0.500623072842798 -0.5
0.0599999999999997 -0.500385025639231 -0.5
0.0499999999999997 -0.500213992720609 -0.5
0.0399999999999997 -0.500099919671623 -0.5
0.0299999999999997 -0.500027864048747 -0.5
0.0199999999999997 -0.499990309825144 -0.5
0.00999999999999969 -0.499976582141866 -0.5
