0.0199999999999997 0.0196018805247217 0.960445507917051
0.0298308118599346 0.0289504675600661 0.941508168028035
0.0409311471495146 0.0392843143354718 0.920460458492017
0.0536696274247083 0.0508579184230325 0.89673780450268
0.0681782262013633 0.0636755149223454 0.870270350379413
0.0845238456617355 0.0776614426796866 0.841141820461796
0.102760540814977 0.0927109548566458 0.809487518138065
0.122947555441199 0.108706681500029 0.775461023952134
0.145156157084695 0.12552367747192 0.739223706133854
0.169472677545821 0.143030410054927 0.700942327247757
0.196000269924088 0.161088182411512 0.660789771375214
0.224860205916805 0.179549857132342 0.618947212045998
0.256192898935409 0.198258185414645 0.575607200534667
0.29015853884035 0.217043868796596 0.530977570156194
0.326937013974324 0.235723455863352 0.485286184007189
0.366726590647179 0.254097241286925 0.438786533946908
0.409740613344451 0.271947483098518 0.391764029956538
0.456201350992546 0.28903749623285 0.344542441851201
0.506330223045398 0.305112504256045 0.297489297906465
0.560334291101292 0.319903445051769 0.251018121992808
0.618390401278509 0.333134987723125 0.205584489244099
0.680630648727918 0.344538433449286 0.161672747688326
0.74713493969439 0.353868636148124 0.11977193907932
0.817936449924414 0.360921898172447 0.0803433689659421
0.893042307033214 0.365550226063538 0.0437869005870713
0.972466076519413 0.367667850490272 0.0104151349321359
1.05626439454938 0.367248666042566 -0.0195579716567129
1.14457034228934 0.364316526827825 -0.0460132978288819
1.2376202259684 0.358932130979332 -0.0689118927443816
1.33577524150576 0.351179971568432 -0.0882756045670298
1.43954278202879 0.341157392683675 -0.104167997698742
1.5496037736069 0.328966290016409 -0.116678241962212
1.66685370239603 0.314706995988344 -0.125908630241749
1.79246770627977 0.298473374811955 -0.131965125679596
1.92800661113043 0.280347826773308 -0.13494968016108
2.07559573143063 0.260394344239248 -0.134952557358007
2.23824370587161 0.238646253397356 -0.132041882179822
2.42046186168961 0.215080851108315 -0.126244684352235
2.62963409476693 0.189558422180524 -0.117503780541202
2.87975321326825 0.161640461623856 -0.105552829234893
3.20669893175345 0.129773373188218 -0.0893681416371499
3.66192989405839 0.0939334807276585 -0.0683974913198514
4.07019777923171 0.0693376225929518 -0.0524695012573809
4.46656347306668 0.0511040310169715 -0.0398957653361526
4.86202225089865 0.0373491206635509 -0.0299897144930702
5.27262896412347 0.0267138977823738 -0.022098708085943
5.71284582485296 0.0184186076236527 -0.0158438042698802
6.19770028283785 0.011964280357349 -0.0110072843694074
6.74615072016922 0.00695328301866494 -0.00747032811893443
7.38609429756046 0.00295312323004184 -0.00522966264702588
8 3.16088427593491E-06 -0.00455908871484596
