0.001 0.000999 0.000999000499833375
0.016625 0.0163498222766918 0.0163508941928491
0.03225 0.0312201075581894 0.0312265296637278
0.047875 0.0456241920189461 0.0456369843228518
0.0635 0.0595623327480506 0.0595931065755922
0.079125 0.0730627998954048 0.0731055202605243
0.09475 0.0861222292281013 0.086184629005071
0.110375 0.0987460702308584 0.0988406205000669
0.126 0.110975427757254 0.11108347069471
0.141625 0.122785425847949 0.122922947913346
0.15725 0.13419616234161 0.134368616895488
0.172875 0.145242430259305 0.145429842760486
0.1885 0.155893414668892 0.156115794898184
0.204125 0.166183369325142 0.166435450786927
0.21975 0.176130538940308 0.176397599740224
0.235375 0.18570183412027 0.186010846583372
0.251 0.194957060500976 0.195283615261298
0.266625 0.203879667436634 0.204224152378881
0.28225 0.212445945728721 0.212840530674975
0.297875 0.220744260050698 0.221140652431333
0.3135 0.228713671126002 0.22913225281763
0.329125 0.236364173950347 0.236822903173728
0.34475 0.243758949391716 0.244220014230342
0.360375 0.250841757027189 0.251330839269213
0.376 0.257646134306484 0.258162477223905
0.391625 0.264200972220981 0.264721875722296
0.40725 0.27045948751644 0.271015834071826
0.422875 0.276482828803711 0.277051006188558
0.4385 0.282257336342436 0.282833903471057
0.454125 0.28775002208021 0.288370897620113
0.46975 0.293053127369026 0.293668223405283
0.485375 0.298103253972292 0.298731981379229
0.501 0.302902599274037 0.303568140540811
0.516625 0.307524626349619 0.308182540947853
0.53225 0.311903003861242 0.31258089628053
0.547875 0.316066438936 0.316768796356252
0.5635 0.320054426483201 0.320751709596951
0.579125 0.323810664613134 0.324534985449635
0.59475 0.327388500779481 0.328123856761066
0.610375 0.330789810950744 0.331523442107401
0.626 0.333970749181555 0.33473874807963
0.641625 0.337009519129421 0.337774671525607
0.65725 0.339868841167306 0.340636001749482
0.672875 0.342518760459363 0.343327422669317
0.6885 0.345061339923146 0.345853514933645
0.704125 0.347420884090068 0.348218757997732
0.71975 0.349592842941477 0.350427532160282
0.735375 0.351667426970695 0.352484120561314
0.751 0.353567082703487 0.354392711141924
0.766625 0.355300995768697 0.356157398566631
0.78225 0.35694331751631 0.357782186108998
0.797875 0.358420779980495 0.359270987501213
0.8135 0.359751339738825 0.360627628748276
0.829125 0.360997037048717 0.361855849907463
0.84475 0.362087905655847 0.362959306833697
0.860375 0.363046855801716 0.363941572891458
0.876 0.363929482823784 0.364806140633853
0.891625 0.364667334480597 0.365556423449448
0.90725 0.365283706448202 0.366195757177463
0.922875 0.365834785237892 0.366727401691907
0.9385 0.366251224243899 0.367154542455242
0.954125 0.366551609007502 0.36748029204212
0.96975 0.366800656126237 0.367707691633772
0.985375 0.366925341769769 0.367839712483568
1.001 0.366934205091705 0.367879257354302
1.016625 0.366908733342037 0.367829161927716
1.03225 0.366769385357706 0.367692196186777
1.047875 0.366509437441973 0.367471065771229
1.0635 0.366234931684944 0.367168413306889
1.079125 0.365857312790258 0.366786819709205
1.09475 0.365363279883086 0.366328805461532
1.110375 0.36484981149396 0.365796831868607
1.126 0.364257685154946 0.365193302285684
1.141625 0.363559979477027 0.364520563323781
1.15725 0.362818978146193 0.363780906031482
1.172875 0.362034038434656 0.36297656705374
1.1885 0.361154702195341 0.362109729768094
1.204125 0.360203528518104 0.361182525398745
1.21975 0.359245297270613 0.360197034108874
1.235375 0.358204295479953 0.359155286071645
1.251 0.357068349375746 0.358059262520255
1.266625 0.355946248724376 0.356910896777453
1.28225 0.354761347180714 0.355712075264894
1.297875 0.353493168963007 0.354464638492713
1.3135 0.352188098585933 0.353170382029686
1.329125 0.350874700264474 0.351831057454349
1.34475 0.349490255675834 0.350448373287425
1.360375 0.348023405553258 0.349023995905911
1.376 0.346590068170553 0.347559550439176
1.391625 0.345102888575291 0.346056621647395
1.40725 0.34354560239682 0.344516754782672
1.422875 0.341950783992893 0.342941456433153
1.4385 0.340371722824004 0.341332195350465
1.454125 0.338735580399202 0.339690403260802
1.46975 0.337031373378115 0.338017475659936
1.485375 0.335335643072037 0.336314772592499
1.501 0.333629418015698 0.33458361941579
1.516625 0.331868284217368 0.332825307548433
1.53225 0.330042032547971 0.331041095204156
1.547875 0.328262132581784 0.329232208110967
1.5635 0.326450636869054 0.327399840216025
1.579125 0.324587357011831 0.325545154376452
1.59475 0.322668910962693 0.323669283036369
1.610375 0.320810257429785 0.321773328890411
1.626 0.318914152173128 0.31985836553398
1.641625 0.316970211540976 0.317925438100479
1.65725 0.314980183034396 0.315975563885795
1.672875 0.313051853296745 0.314009732960243
1.6885 0.311090309129641 0.312028908768243
1.704125 0.309085619465563 0.310034028715932
1.71975 0.307032347566582 0.308026004746967
1.735375 0.3050509752245 0.306005723906725
1.751 0.303041430526659 0.303974048895135
1.766625 0.300994120048309 0.301931818608346
1.78225 0.298900486730785 0.299879848669458
1.797875 0.296864440745919 0.297818931948512
1.8135 0.294822360861857 0.295749839071958
1.829125 0.292748555825127 0.293673318921785
1.84475 0.290634650564014 0.291590099124528
1.860375 0.288542548976457 0.289500886530338
1.876 0.286481177538579 0.287406367682307
1.891625 0.284394767325741 0.285307209276226
1.90725 0.282275066099308 0.283204058610981
1.922875 0.280130003905926 0.281097544029749
1.9385 0.278060105612613 0.278988275352168
1.954125 0.275972488551474 0.276876844297676
1.96975 0.273858980571703 0.274763824900168
1.985375 0.271712135232169 0.272649773914146
2.001 0.269596673623573 0.270535231212533
2.016625 0.267516490760879 0.268420720176295
2.03225 0.265418404743727 0.266306748076047
2.047875 0.263294992027722 0.26419380644579
2.0635 0.261139417180086 0.262082371448929
2.079125 0.259058015487886 0.259972904236728
2.09475 0.256981539021786 0.257865851299337
2.110375 0.254888305490595 0.255761644809555
2.126 0.252771471416366 0.253660702959448
2.141625 0.250626495348686 0.251563430289972
2.15725 0.2485745408591 0.249470218013742
2.172875 0.246514895964975 0.24738144433107
2.1885 0.244440744234295 0.245297474739402
2.204125 0.242345709268526 0.243218662336299
2.21975 0.240223812607744 0.241145348116065
2.235375 0.238197411526588 0.23907786126017
2.251 0.236166246426525 0.237016519421563
2.266625 0.234123764626772 0.234961629003023
2.28225 0.232063987025784 0.232913485429638
2.297875 0.22998125484985 0.230872373415549
2.3135 0.227969127770831 0.228838567225054
2.329125 0.22597608330724 0.226812330928194
2.34475 0.223975713003403 0.224793918650925
2.360375 0.221962406392982 0.222783574819986
2.376 0.219930794012586 0.220781534402561
2.391625 0.217924798652893 0.218788023140838
2.40725 0.215977049961609 0.216803257781579
2.422875 0.214026612722047 0.21482744630078
2.4385 0.212068265713334 0.212860788123529
2.454125 0.210096936064916 0.210903474339157
2.46975 0.208107718012799 0.208955687911771
2.485375 0.206195902419382 0.207017603886266
2.501 0.204300192871664 0.205089389589896
2.516625 0.20240210945062 0.203171204829505
2.53225 0.200496938088153 0.201263202084494
2.547875 0.198580038207363 0.199365526695611
2.5635 0.196656043268 0.19747831704965
2.579125 0.194816614394033 0.195601704760144
2.59475 0.192980564128229 0.193735814844113
2.610375 0.19114368932121 0.191880765894977
2.626 0.189301724696992 0.190036670251677
2.641625 0.187450404981377 0.188203634164109
2.65725 0.185595671748259 0.186381757954922
2.672875 0.183819896874188 0.184571136177768
2.6885 0.182049500709536 0.182771857772069
2.704125 0.180280825576724 0.180984006214371
2.71975 0.178510052440165 0.179207659666353
2.735375 0.176733279865826 0.177442891119564
2.751 0.17494658155472 0.175689768536942
2.766625 0.173230378713713 0.173948354991201
2.78225 0.171529197693849 0.172218708800118
2.797875 0.169833015149511 0.170500883658815
2.8135 0.168138521650697 0.168794928769076
2.829125 0.166442223352571 0.167100888965766
2.84475 0.164740516944667 0.16541880484041
2.860375 0.1630667442483 0.163748712861992
2.876 0.161435441373304 0.162090645495024
2.891625 0.159812752629977 0.160444631314949
2.90725 0.158196029917525 0.158810695120927
2.922875 0.15658230884268 0.157188858046057
2.9385 0.154968403538702 0.155579137665091
2.954125 0.153350981496253 0.153981548099689
2.96975 0.151780892031756 0.152396100121266
2.985375 0.150229399842639 0.150822801251475
3.001 0.148688091917526 0.149261655860388
3.016625 0.147154762015958 0.14771266526241
3.03225 0.145626836555472 0.146175827809971
3.047875 0.144101467533767 0.144651138985058
3.0635 0.142577096046331 0.143138591488612
3.079125 0.141092380198813 0.141638175327847
3.09475 0.139621099288513 0.14014987790153
3.110375 0.138162131829804 0.138673684083263
3.126 0.136713825825853 0.137209576302807
3.141625 0.135274099510012 0.135757534625498
3.15725 0.133840529800762 0.134317536829785
3.172875 0.132410799691025 0.132889558482925
3.1885 0.131003552020521 0.131473573014896
3.204125 0.129611176750675 0.130069551790533
3.21975 0.128233279669672 0.12867746417995
3.235375 0.126868898366217 0.127297277627277
3.251 0.125516584792714 0.125928957717738
3.266625 0.124174481846133 0.124572468243117
3.28225 0.122840394003075 0.123227771265639
3.297875 0.121509866329401 0.121894827180299
3.3135 0.120193808882382 0.120573594775683
3.329125 0.118893887968428 0.119264031293291
3.34475 0.117609928815549 0.117966092485418
3.360375 0.116341245235341 0.116679732671605
3.376 0.115086697539893 0.115404904793699
3.391625 0.113844748467737 0.114141560469556
3.40725 0.112600878402626 0.1128896500454
3.422875 0.111358013762824 0.111649122646881
3.4385 0.110132035830018 0.110419926228863
3.454125 0.108923567685147 0.10920200762395
3.46975 0.107732733682155 0.107995312589791
3.485375 0.106559199241665 0.106799785855198
3.501 0.105402209607092 0.105615371165079
3.516625 0.104260628180825 0.104442011324234
3.53225 0.103088481739804 0.103279648240025
3.547875 0.10193240433844 0.10212822296395
3.5635 0.100794223496865 0.100987675732147
3.579125 0.0996748268121151 0.0998579460048423
3.59475 0.0985746708903784 0.0987389725047743
3.610375 0.0974938067518922 0.0976306932546131
3.626 0.096431904595466 0.0965330456133959
3.641625 0.0953661390898561 0.0954459663120013
3.65725 0.0942765915489496 0.0943693914876828
3.672875 0.0932041411248211 0.0933032567176833
3.6885 0.0921503222276524 0.0922474970519491
3.704125 0.0911162849098529 0.0912020470449648
3.71975 0.0901028122892996 0.0901668407867272
3.735375 0.0891103364735255 0.0891418119328789
3.751 0.0881389537137735 0.0881268937340178
3.766625 0.0871432832595322 0.0871220190642033
3.78225 0.0861331472355443 0.0861271204486758
3.797875 0.0851403096721407 0.0851421300908064
3.8135 0.0841664733120651 0.0841669798982961
3.829125 0.0832130205462563 0.0832016015086386
3.84475 0.0822810255437169 0.0822459263138662
3.860375 0.0813712647408323 0.0812998854845915
3.876 0.0804842262464376 0.0803634099933646
3.891625 0.0795586271965701 0.0794364306373575
3.90725 0.0786236526616753 0.0785188780603942
3.922875 0.0777058060007864 0.0776106827743386
3.9385 0.076806924543756 0.0767117751798573
3.954125 0.0759285792671618 0.0758220855865691
3.96975 0.0750720840600398 0.0749415442325977
3.985375 0.0742385033889073 0.0740700813035387
4.001 0.0734286587721735 0.0732076269508568
4.016625 0.0725769675527946 0.0723541113097247
4.03225 0.0717125643599032 0.0715094645163169
4.047875 0.0708647509631021 0.0706736167245714
4.0635 0.0700354614495887 0.0698464981224316
4.079125 0.0692264079865116 0.06902803894758
4.09475 0.0684390886515174 0.0682181695026758
4.110375 0.0676747937182817 0.0674168201701086
4.126 0.066934610726741 0.0666239214262787
4.141625 0.0661628337979564 0.0658394038554149
4.15725 0.0653642958226368 0.0650631981629423
4.172875 0.0645814691256636 0.064295235188409
4.1885 0.0638163495477992 0.0635354459179829
4.204125 0.0630707463686956 0.0627837614965291
4.21975 0.0623462894869602 0.0620401132392771
4.235375 0.0616444352116327 0.0613044326430885
4.251 0.0609664708970618 0.0605766513973342
4.266625 0.0602811936129644 0.0598567013943905
4.28225 0.0595438949590632 0.0591445147397641
4.297875 0.0588211248315726 0.0584400237618534
4.3135 0.0581149119940366 0.0577431610213569
4.329125 0.0574271265167596 0.0570538593203352
4.34475 0.0567594864676239 0.0563720517109375
4.360375 0.0561135634150282 0.0556976715037985
4.376 0.0554907869250605 0.0550306522761149
4.391625 0.054892448203929 0.0543709278794098
4.40725 0.0542174509082923 0.0537184324469922
4.422875 0.0535500896612999 0.0530731004011186
4.4385 0.0528978486473862 0.0524348664598659
4.454125 0.0522626301072247 0.0518036656437209
4.46975 0.0516462058124009 0.0511794332818944
4.485375 0.0510502223416113 0.0505621050183674
4.501 0.0504762054887244 0.0499516168176752
4.516625 0.0499255639143089 0.0493479049704365
4.53225 0.0493523143657355 0.0487509060986343
4.547875 0.0487361246480168 0.0481605571606538
4.5635 0.0481333742708299 0.0475767954560862
4.579125 0.047545976382537 0.0469995586303006
4.59475 0.0469757306791785 0.0464287846787936
4.610375 0.0464243283150136 0.0458644119513203
4.626 0.0458933561397891 0.0453063791558135
4.641625 0.0453843003284253 0.0447546253620952
4.65725 0.0448985494631984 0.0442090900053885
4.672875 0.0443484250505042 0.0436697128896323
4.6885 0.0437912368026499 0.0431364341906057
4.704125 0.0432475092731106 0.0426091944588677
4.71975 0.0427190509053969 0.0420879346225149
4.735375 0.0422075751625938 0.0415725959897651
4.751 0.0417147043642469 0.0410631202513691
4.766625 0.0412419730757358 0.0405594494828567
4.78225 0.04079083108031 0.0400615261466211
4.797875 0.0403575532072102 0.0395692930938458
4.8135 0.0398426286435473 0.0390826935662796
4.829125 0.0393390900361923 0.0386016711978623
4.84475 0.0388487392037378 0.0381261700162065
4.860375 0.0383732947344608 0.0376561344439391
4.876 0.0379143951585929 0.0371915092999065
4.891625 0.0374736018885645 0.0367322398002477
4.90725 0.0370524019027776 0.0362782715593389
4.922875 0.0366522101664967 0.0358295505906128
4.9385 0.0362600172678552 0.0353860233072574
4.954125 0.0357939110066581 0.0349476365227971
4.96975 0.0353387507696331 0.0345143374515592
4.985375 0.0348962454646417 0.0340860737090305
5.001 0.034468034324309 0.0336627933121058
5.016625 0.0340556890130322 0.0332444446792326
5.03225 0.0336607157071994 0.0328309766304548
5.047875 0.0332845570908655 0.0324223383873587
5.0635 0.0329285942339084 0.0320184795729236
5.079125 0.0325862341898707 0.0316193502112814
5.09475 0.0321641486280806 0.0312249007273859
5.110375 0.0317523308329421 0.0308350819465974
5.126 0.0313524051611184 0.030449845094183
5.141625 0.0309659382917047 0.0300691417947358
5.15725 0.0305944402775127 0.029692924071517
5.172875 0.0302393657698755 0.0293211443457216
5.1885 0.0299021153189787 0.0289537554356714
5.204125 0.0295840366864994 0.0285907105559375
5.21975 0.029286426130145 0.028231963316394
5.235375 0.0289182459194083 0.0278774677212062
5.251 0.0285451021903094 0.0275271781677556
5.266625 0.028182885442825 0.0271810494455023
5.28225 0.0278330933260691 0.0268390367347894
5.297875 0.0274971770230734 0.0265010956055892
5.3135 0.0271765415220169 0.0261671820161952
5.329125 0.0268725461456373 0.0258372523118602
5.34475 0.0265865052405413 0.0255112632233842
5.360375 0.0263196889584113 0.025189171865652
5.376 0.0260241175903859 0.0248709357361246
5.391625 0.0256854601501773 0.0245565127132838
5.40725 0.0253565904122053 0.0242458610550345
5.422875 0.0250389366286607 0.0239389393970637
5.4385 0.0247338908380161 0.0236357067511602
5.454125 0.0244428079936886 0.0233361225034946
5.46975 0.0241670055650955 0.0230401464128629
5.485375 0.0239077634683094 0.0227477386088947
5.501 0.0236663242253766 0.0224588595902267
5.516625 0.0234438932802335 0.0221734702226445
5.53225 0.0231447538898392 0.0218915317371926
5.547875 0.0228454720155601 0.0216130057282552
5.5635 0.0225560511996628 0.0213378541516087
5.579125 0.0222778199891534 0.0210660393224471
5.59475 0.0220120796739583 0.0207975239133819
5.610375 0.0217601026962843 0.0205322709524172
5.626 0.021523131616954 0.0202702438209025
5.641625 0.021302378488833 0.0200114062514628
5.65725 0.0210990245282807 0.0197557223259083
5.672875 0.0208970073682326 0.0195031564731244
5.6885 0.0206242237608266 0.0192536734669433
5.704125 0.0203598374777613 0.0190072384239979
5.71975 0.0201051031667194 0.0187638168015596
5.735375 0.0198612599694124 0.0185233743953608
5.751 0.0196295282676465 0.0182858773374026
5.766625 0.0194111073116649 0.0180512920937498
5.78225 0.0192071735082766 0.0178195854623128
5.797875 0.0190188792063595 0.0175907245706182
5.8135 0.0188473518593188 0.0173646768735691
5.829125 0.0186698867167982 0.0171414101511953
5.84475 0.0184280818839351 0.0169208925063943
5.860375 0.0181943190225595 0.0167030923626647
5.876 0.0179697585926382 0.0164879784618322
5.891625 0.0177555553295713 0.0162755198617688
5.90725 0.0175528539043806 0.0160656859341064
5.922875 0.0173627856322643 0.0158584463619451
5.9385 0.0171864659787202 0.0156537711375576
5.954125 0.0170249926770989 0.0154516305600895
5.96975 0.0168794443183818 0.0152519952332566
5.985375 0.016740481320811 0.0150548360630402
6.001 0.0165259521062406 0.01486012425538
6.016625 0.0163189112791762 0.014667831313867
6.03225 0.016120423156551 0.0144779290374345
6.047875 0.0159315574493892 0.0142903895180501
6.0635 0.0157533834936853 0.014105185138408
6.079125 0.0155869657718515 0.0139222885696219
6.09475 0.0154333604270685 0.0137416727689211
6.110375 0.0152936125483486 0.0135633109773464
6.126 0.0151687540580353 0.0133871767174508
6.141625 0.0150598020733333 0.0132132437910022
6.15725 0.0148913847787465 0.0130414862766898
6.172875 0.0147076671887723 0.0128718785278345
6.1885 0.0145316975542222 0.0127043951701041
6.204125 0.0143644527898113 0.0125390110992328
6.21975 0.0142069212269759 0.0123757014787462
6.235375 0.0140600965010831 0.0122144417376923
6.251 0.0139249727199437 0.0120552075683776
6.266625 0.013802540632522 0.0118979749241103
6.28225 0.0136937845847944 0.0117427200169503
6.297875 0.0135996800992769 0.0115894193154654
6.3135 0.0135015526951456 0.0114380495424959
6.329125 0.0133383503175231 0.011288587672926
6.34475 0.0131819960260659 0.0111410109314636
6.360375 0.0130333558250928 0.0109952967904286
6.376 0.0128933227609433 0.0108514229675492
6.391625 0.0127628084052392 0.0107093674237671
6.40725 0.0126427360692116 0.0105691083610525
6.422875 0.012534035372644 0.0104306242202271
6.4385 0.0124376378814353 0.0102938936787979
6.454125 0.0123544735941113 0.0101588956488001
6.46975 0.0122854681072905 0.01002560927465
6.485375 0.0121919588245788 0.00989401393100835
6.501 0.0120530117879304 0.00976408922065418
6.516625 0.0119207299514408 0.00963581497236869
6.53225 0.0117958829137282 0.00950917123883042
6.547875 0.0116792775280337 0.00938413829452122
6.5635 0.0115717480942357 0.00926069663364327
6.579125 0.0114741484788753 0.00913882696804744
6.59475 0.01138734575476 0.00901851022517302
6.610375 0.0113122150472917 0.00889972754599911
6.626 0.0112496353456184 0.00878246028300759
6.641625 0.0112004860898688 0.00866668999815803
6.65725 0.011129110933139 0.00855239846087451
6.672875 0.0110116891032517 0.0084395676460445
6.6885 0.010900567591282 0.00832817973202996
6.704125 0.0107964058646184 0.00821821709869068
6.71975 0.0106999146001113 0.00810966232542007
6.735375 0.0106118438095936 0.00800249818919334
6.751 0.0105329732541295 0.00789670766262832
6.766625 0.0104641046691559 0.00779227391205882
6.78225 0.0104060554327202 0.00768918029562082
6.797875 0.0103596533911612 0.00758741036135139
6.8135 0.010325732618583 0.00748694784530038
6.829125 0.0102933476889825 0.00738777666965515
6.84475 0.0101952041842915 0.00728988094087817
6.860375 0.0101028901604716 0.00719324494785766
6.876 0.0100169273301407 0.00709785316007123
6.891625 0.00993790872992822 0.00700369022576272
6.90725 0.00986648356034188 0.00691074097013201
6.922875 0.00980334492427183 0.00681899039353818
6.9385 0.00974921986217134 0.00672842366971566
6.954125 0.00970486121949496 0.0066390261440037
6.96975 0.00967104098505176 0.00655078333158911
6.985375 0.00964854481683953 0.00646368091576207
7.001 0.00963816753190892 0.0063777047461854
7.016625 0.00958843581617845 0.00629284083717692
7.03225 0.00951325207065422 0.00620907536600522
7.047875 0.00944377128279615 0.00612639467119856
7.0635 0.0093804281753026 0.00604478525086718
7.079125 0.0093237389230034 0.00596423376103875
7.09475 0.00927428458169548 0.00588472701400714
7.110375 0.00923269762698742 0.00580625197669441
7.126 0.00919965097225653 0.00572879576902605
7.141625 0.00917584897382479 0.00565234566231942
7.15725 0.00916202003879613 0.00557688907768538
7.172875 0.00915891053182228 0.00550241358444308
7.1885 0.00916727973956792 0.00542890689854795
7.204125 0.00912064468722314 0.00535635688103273
7.21975 0.00906674957586436 0.00528475153646169
7.235375 0.0090182349185747 0.0052140790113978
7.251 0.00897542342749872 0.00514432759288304
7.266625 0.00893873583159618 0.00507548570693162
7.28225 0.00890867159116505 0.00500754191703618
7.297875 0.00888579320036973 0.00494048492268691
7.3135 0.00887071335818794 0.00487430355790357
7.329125 0.0088640844466049 0.00480898678978024
7.34475 0.00886658987296799 0.00474452371704303
7.360375 0.00887893692635575 0.00468090356862032
7.376 0.00890185086839238 0.00461811570222587
7.391625 0.00887817664078035 0.00455614960295446
7.40725 0.00884452697416105 0.00449499488189018
7.422875 0.00881581559410241 0.00443464127472719
7.4385 0.00879221061229956 0.00437507864040305
7.454125 0.00877400445745111 0.00431629695974441
7.46975 0.00876158997598827 0.00425828633412508
7.485375 0.00875544097116924 0.00420103698413644
7.501 0.00875609629737699 0.00414453924827008
7.516625 0.00876414681671723 0.00408878358161263
7.53225 0.00878022467056319 0.00403376055455272
7.547875 0.00880499443202858 0.00397946085150005
7.5635 0.00883914579201807 0.0039258752696164
7.579125 0.00885384960954038 0.00387299471755859
7.59475 0.00884023172875347 0.00382081021423342
7.610375 0.00883112076420899 0.00376931288756424
7.626 0.00882645563873178 0.0037184939732694
7.641625 0.00882634181871267 0.00366834481365237
7.65725 0.00883101975300504 0.00361885685640336
7.672875 0.0088408391880563 0.0035700216534126
7.6885 0.00885623819414406 0.00352183085959499
7.704125 0.00887772598584172 0.00347427623172625
7.71975 0.0089058688110938 0.00342734962729028
7.735375 0.00894127833273013 0.00338104300333788
7.751 0.00898460204045372 0.00333534841535656
7.766625 0.00903651532426634 0.00329025801615155
7.78225 0.00905136166782429 0.00324576405473779
7.797875 0.00906274461373682 0.00320185887524287
7.8135 0.00907803944450051 0.00315853491582094
7.829125 0.00909705743592312 0.00311578470757735
7.84475 0.00911980173067707 0.00307360087350408
7.860375 0.00914643123721395 0.00303197612742583
7.876 0.00917723118106795 0.0029909032729567
7.891625 0.00921258901573933 0.00295037520246737
7.90725 0.0092529746692142 0.00291038489606276
7.922875 0.00929892430961879 0.00287092542057005
7.9385 0.00935102697766396 0.00283198992853692
7.954125 0.00940991356010183 0.00279357165724014
7.96975 0.00947624768211403 0.00275566392770415
7.985375 0.00951177946110991 0.00271826014372982
