0.1 9.51350760020597 2.13315513367472
0.225 4.05295821526885 1.34910364829776
0.35 2.54614695418689 0.918239577236927
0.475 1.86458831617536 0.616745519370582
0.6 1.48919223700414 0.39545333513605
0.725 1.26015652897543 0.229871054070415
0.85 1.11248372918729 0.10586755980735
0.975 1.01506311765591 0.0145366194354836
1.1 0.951350760020597 -0.0501211990065139
1.225 0.911915598435492 -0.0923640195767935
1.35 0.891151433965412 -0.115342706693131
1.475 0.885679450183296 -0.121468697060356
1.6 0.893515342202484 -0.112639168142157
1.725 0.913613483507183 -0.090381267807599
1.85 0.945611169809197 -0.0559481303180807
1.975 0.98968653971451 -0.0103849421225508
2.1 1.04648583602266 0.0454242854742012
2.225 1.11709660808348 0.110722771378489
2.35 1.20305443585331 0.184855788742189
2.475 1.30637718902036 0.267251631953767
2.6 1.42962454752397 0.357406981454648
2.725 1.57598325904989 0.454875478606575
2.85 1.74938066414701 0.559258684685892
2.975 1.95463091593616 0.670198838510918
3.1 2.19762025564758 0.787372990343974
3.225 2.48553995298574 0.910488202524742
3.35 2.82717792425527 1.03927758667184
3.475 3.2332835428254 1.17349700403611
3.6 3.71702382356233 1.3129222967496
3.725 4.29455438091095 1.45734694797189
3.85 4.98573489281899 1.6065800914544
3.975 5.81502697491007 1.76044480799589
4.1 6.8126227925075 1.91877665916053
4.225 8.015866348379 2.08142241854024
4.35 9.47104604625516 2.248238968529
4.475 11.2356603113182 2.41909233658819
4.6 13.3812857648244 2.59385684972197
4.725 15.9972150688933 2.77241438964835
4.85 19.1950793373531 2.95465373416432
4.975 23.1147322252675 3.14046997263128
