-5 0.00673794699908547
-4.984375 0.00684405422489963
-4.96875 0.00695183239638477
-4.953125 0.00706130782710653
-4.9375 0.00717250724500875
-4.921875 0.00728545779893896
-4.90625 0.00740018706527729
-4.890625 0.00751672305466827
-4.875 0.00763509421886003
-4.859375 0.00775532945765047
-4.84375 0.00787745812594329
-4.828125 0.00800151004091441
-4.8125 0.00812751548929225
-4.796875 0.00825550523475132
-4.78125 0.00838551052542414
-4.765625 0.00851756310152904
-4.75 0.00865169520312066
-4.734375 0.00878793957796021
-4.71875 0.00892632948951128
-4.703125 0.00906689872506082
-4.6875 0.00920968160396815
-4.671875 0.0093547129860436
-4.65625 0.00950202828005984
-4.640625 0.00965166345239677
-4.625 0.00980365503582177
-4.609375 0.00995804013841033
-4.59375 0.0101148564526045
-4.578125 0.0102741422644163
-4.5625 0.0104359364627746
-4.546875 0.0106002785490195
-4.53125 0.0107672086465471
-4.515625 0.010936767510605
-4.5 0.0111089965382423
-4.484375 0.0112839377784171
-4.46875 0.0114616339422618
-4.453125 0.0116421284135118
-4.4375 0.0118254652590966
-4.421875 0.0120116892398988
-4.40625 0.0122008458216827
-4.390625 0.0123929811861936
-4.375 0.012588142242434
-4.359375 0.0127863766381156
-4.34375 0.0129877327712923
-4.328125 0.0131922598021763
-4.3125 0.0134000076651407
-4.296875 0.0136110270809109
-4.28125 0.0138253695689465
-4.265625 0.0140430874600215
-4.25 0.0142642339089993
-4.234375 0.0144888629078105
-4.21875 0.0147170292986352
-4.203125 0.0149487887872918
-4.1875 0.0151841979568378
-4.171875 0.0154233142813848
-4.15625 0.0156661961401289
-4.140625 0.0159129028316055
-4.125 0.0161634945881658
-4.109375 0.0164180325906828
-4.09375 0.0166765789834875
-4.078125 0.0169391968895424
-4.0625 0.0172059504258514
-4.046875 0.0174769047191146
-4.03125 0.0177521259216286
-4.015625 0.0180316812274366
-4 0.0183156388887342
-3.984375 0.0186040682325329
-3.96875 0.0188970396775857
-3.953125 0.0191946247515793
-3.9375 0.0194968961085981
-3.921875 0.0198039275468611
-3.90625 0.0201157940267408
-3.890625 0.0204325716890638
-3.875 0.0207543378736998
-3.859375 0.0210811711384444
-3.84375 0.0214131512781987
-3.828125 0.0217503593444504
-3.8125 0.0220928776650624
-3.796875 0.0224407898643731
-3.78125 0.0227941808836123
-3.765625 0.0231531370016397
-3.75 0.0235177458560092
-3.734375 0.0238880964643653
-3.71875 0.0242642792461767
-3.703125 0.0246463860448116
-3.6875 0.0250345101499602
-3.671875 0.0254287463204122
-3.65625 0.0258291908071908
-3.640625 0.0262359413770523
-3.625 0.0266490973363554
-3.609375 0.0270687595553066
-3.59375 0.0274950304925866
-3.578125 0.027928014220366
-3.5625 0.028367816449713
-3.546875 0.0288145445564037
-3.53125 0.029268307607136
-3.515625 0.0297292163861587
-3.5 0.0301973834223186
-3.484375 0.0306729230165337
-3.46875 0.0311559512696997
-3.453125 0.0316465861110362
-3.4375 0.032144947326876
-3.421875 0.0326511565899142
-3.40625 0.0331653374889103
-3.390625 0.0336876155588649
-3.375 0.034218118311666
-3.359375 0.0347569752672229
-3.34375 0.0353043179850858
-3.328125 0.0358602800965666
-3.3125 0.0364249973373641
-3.296875 0.0369986075807039
-3.28125 0.0375812508709978
-3.265625 0.0381730694580377
-3.25 0.0387742078317221
-3.234375 0.0393848127573355
-3.21875 0.0400050333113792
-3.203125 0.0406350209179673
-3.1875 0.0412749293857977
-3.171875 0.041924914945701
-3.15625 0.0425851362887876
-3.140625 0.0432557546051879
-3.125 0.0439369336234076
-3.109375 0.0446288396503013
-3.09375 0.0453316416116764
-3.078125 0.0460455110935329
-3.0625 0.0467706223839592
-3.046875 0.0475071525156794
-3.03125 0.0482552813092795
-3.015625 0.0490151914171066
-3 0.0497870683678641
-2.984375 0.0505711006119065
-2.96875 0.0513674795672508
-2.953125 0.0521763996663084
-2.9375 0.0529980584033558
-2.921875 0.0538326563827519
-2.90625 0.0546803973679146
-2.890625 0.0555414883310691
-2.875 0.0564161395037773
-2.859375 0.0573045644282688
-2.84375 0.058206980009572
-2.828125 0.059123606568474
-2.8125 0.0600546678953081
-2.796875 0.0610003913045936
-2.78125 0.061961007690532
-2.765625 0.06293675158338
-2.75 0.0639278612067076
-2.734375 0.0649345785355609
-2.71875 0.065957149355538
-2.703125 0.0669958233227975
-2.6875 0.06805085402501
-2.671875 0.0691224990432713
-2.65625 0.0702110200149883
-2.640625 0.0713166826977579
-2.625 0.0724397570342513
-2.609375 0.0735805172181174
-2.59375 0.0747392417609255
-2.578125 0.0759162135601665
-2.5625 0.0771117199683169
-2.546875 0.0783260528629958
-2.53125 0.0795595087182275
-2.515625 0.0808123886768223
-2.5 0.0820849986238988
-2.484375 0.0833776492615663
-2.46875 0.0846906561847808
-2.453125 0.0860243399583937
-2.4375 0.0873790261954208
-2.421875 0.0887550456365343
-2.40625 0.0901527342308166
-2.390625 0.0915724332177765
-2.375 0.0930144892106636
-2.359375 0.0944792542810922
-2.34375 0.0959670860449985
-2.328125 0.0974783477499482
-2.3125 0.099013408363826
-2.296875 0.100572642664914
-2.28125 0.102156431333395
-2.265625 0.103765161044288
-2.25 0.105399224561864
-2.234375 0.107059020835527
-2.21875 0.108744955097221
-2.203125 0.110457438960365
-2.1875 0.112196890520344
-2.171875 0.11396373445659
-2.15625 0.115758402136263
-2.140625 0.117581331719566
-2.125 0.11943296826672
-2.109375 0.121313763846627
-2.09375 0.123224177647237
-2.078125 0.12516467608766
-2.0625 0.127135732932035
-2.046875 0.129137829405204
-2.03125 0.131171454310194
-2.015625 0.133237104147563
-2 0.135335283236613
-1.984375 0.13746650383852
-1.96875 0.139631286281399
-1.953125 0.141830159087342
-1.9375 0.144063659101453
-1.921875 0.146332331622915
-1.90625 0.148636730538122
-1.890625 0.150977418455914
-1.875 0.153354966844929
-1.859375 0.155769956173123
-1.84375 0.158222976049499
-1.828125 0.160714625368044
-1.8125 0.163245512453958
-1.796875 0.165816255212167
-1.78125 0.168427481278184
-1.765625 0.171079828171342
-1.75 0.173773943450445
-1.734375 0.176510484871862
-1.71875 0.179290120550119
-1.703125 0.182113529121014
-1.6875 0.184981399907304
-1.671875 0.187894433087002
-1.65625 0.190853339864316
-1.640625 0.193858842643295
-1.625 0.196911675204194
-1.609375 0.200012582882626
-1.59375 0.203162322751532
-1.578125 0.206361663806017
-1.5625 0.209611387151098
-1.546875 0.212912286192405
-1.53125 0.216265166829888
-1.515625 0.219670847654575
-1.5 0.22313016014843
-1.484375 0.226643948887348
-1.46875 0.230213071747361
-1.453125 0.233838400114084
-1.4375 0.237520819095458
-1.421875 0.241261227737844
-1.40625 0.245060539245526
-1.390625 0.248919681203661
-1.375 0.252839595804746
-1.359375 0.256821240078655
-1.34375 0.260865586126285
-1.328125 0.264973621356897
-1.3125 0.269146348729184
-1.296875 0.273384786996141
-1.28125 0.27768997095379
-1.265625 0.282062951693815
-1.25 0.28650479686019
-1.234375 0.291016590909833
-1.21875 0.295599435377371
-1.203125 0.300254449144083
-1.1875 0.30498276871106
-1.171875 0.309785548476682
-1.15625 0.314663961018459
-1.140625 0.31961919737931
-1.125 0.32465246735835
-1.109375 0.329764999806258
-1.09375 0.334958042925295
-1.078125 0.340232864574048
-1.0625 0.345590752576975
-1.046875 0.351033015038809
-1.03125 0.356560980663947
-1.015625 0.362175999080826
-1 0.367879441171442
-0.984375 0.373672699406043
-0.96875 0.37955718818309
-0.953125 0.385534344174579
-0.9375 0.391605626676799
-0.921875 0.397772517966612
-0.90625 0.404036523663342
-0.890625 0.41039917309637
-0.875 0.416862019678509
-0.859375 0.423426641285263
-0.84375 0.430094640640062
-0.828125 0.436867645705557
-0.8125 0.44374731008108
-0.796875 0.450735313406363
-0.78125 0.457833361771615
-0.765625 0.465043188134057
-0.75 0.472366552741015
-0.734375 0.479805243559677
-0.71875 0.487361076713619
-0.703125 0.495035896926199
-0.6875 0.502831577970941
-0.671875 0.51075002312901
-0.65625 0.518793165653889
-0.640625 0.526962969243371
-0.625 0.53526142851899
-0.609375 0.543690569513001
-0.59375 0.552252450163021
-0.578125 0.56094916081447
-0.5625 0.569782824730923
-0.546875 0.578755598612484
-0.53125 0.587869673122347
-0.515625 0.597127273421627
-0.5 0.606530659712634
-0.484375 0.616082127790678
-0.46875 0.625784009604591
-0.453125 0.635638673826052
-0.4375 0.645648526427892
-0.421875 0.655816011271501
-0.40625 0.666143610703488
-0.390625 0.676633846161729
-0.375 0.687289278790972
-0.359375 0.698112510068126
-0.34375 0.709106182437398
-0.328125 0.72027297995544
-0.3125 0.731615628946642
-0.296875 0.743136898668758
-0.28125 0.754839601989007
-0.265625 0.76672659607082
-0.25 0.778800783071405
-0.234375 0.791065110850296
-0.21875 0.803522573689061
-0.203125 0.81617621302234
-0.1875 0.8290291181804
-0.171875 0.842084427143382
-0.15625 0.855345327307423
-0.140625 0.868815056262843
-0.125 0.882496902584595
-0.109375 0.89639420663515
-0.09375 0.910510361380034
-0.078125 0.924848813216205
-0.0625 0.939413062813476
-0.046875 0.954206665969188
-0.03125 0.969233234476344
-0.015625 0.984496437005408
0 1
0.015625 1.01574770858669
0.03125 1.0317434074991
0.046875 1.04799100201663
0.0625 1.06449445891786
0.078125 1.08125780744904
0.09375 1.09828514030783
0.109375 1.11558061464248
0.125 1.13314845306683
0.140625 1.15099294469118
0.15625 1.1691184461695
0.171875 1.1875293827631
0.1875 1.20623024942098
0.203125 1.22522561187731
0.21875 1.2445201077661
0.234375 1.26411844775347
0.25 1.28402541668774
0.265625 1.30424587476764
0.28125 1.32478475872887
0.296875 1.34564708304941
0.3125 1.3668379411738
0.328125 1.38836250675663
0.34375 1.41022603492571
0.359375 1.43243386356508
0.375 1.4549914146182
0.390625 1.47790419541174
0.40625 1.50117780000012
0.421875 1.52481791053133
0.4375 1.54883029863413
0.453125 1.57322082682725
0.46875 1.59799544995063
0.484375 1.62316021661931
0.5 1.64872127070013
0.515625 1.67468485281178
0.53125 1.7010573018484
0.546875 1.72784505652716
0.5625 1.7550546569603
0.578125 1.78269274625182
0.59375 1.81076607211939
0.609375 1.83928148854178
0.625 1.86824595743222
0.640625 1.89766655033812
0.65625 1.92755045016755
0.671875 1.95790495294292
0.6875 1.98873746958229
0.703125 2.0200555277087
0.71875 2.05186677348798
0.734375 2.08417897349557
0.75 2.11700001661267
0.765625 2.1503379159523
0.78125 2.18420081081562
0.796875 2.21859696867914
0.8125 2.25353478721321
0.828125 2.2890227963322
0.84375 2.32506966027712
0.859375 2.36168417973091
0.875 2.3988752939671
0.890625 2.43665208303229
0.90625 2.47502376996303
0.921875 2.51399972303752
0.9375 2.55358945806293
0.953125 2.59380264069854
0.96875 2.63464908881563
0.984375 2.67613877489447
1 2.71828182845904
1.015625 2.7610885385501
1.03125 2.80456935623723
1.046875 2.8487348971704
1.0625 2.89359594417176
1.078125 2.9391634498682
1.09375 2.98544853936535
1.109375 3.03246251296383
1.125 3.08021684891803
1.140625 3.12872320623859
1.15625 3.17799342753884
1.171875 3.22803954192612
1.1875 3.27887376793867
1.203125 3.3305085165287
1.21875 3.38295639409246
1.234375 3.4362302055481
1.25 3.49034295746184
1.265625 3.54530786122355
1.28125 3.60113833627217
1.296875 3.65784801337214
1.3125 3.71545073794111
1.328125 3.77396057343038
1.34375 3.83339180475841
1.359375 3.89375894179834
1.375 3.95507672292058
1.390625 4.01736011859111
1.40625 4.08062433502646
1.421875 4.1448848179062
1.4375 4.21015725614396
1.453125 4.27645758571784
1.46875 4.34380199356104
1.484375 4.4122069215139
1.5 4.48168907033806
1.515625 4.55226540379389
1.53125 4.62395315278207
1.546875 4.69676981955057
1.5625 4.77073318196759
1.578125 4.84586129786206
1.59375 4.92217250943228
1.609375 4.99968544772423
1.625 5.07841903718008
1.640625 5.15839250025868
1.65625 5.2396253621285
1.671875 5.3221374554347
1.6875 5.40594892514117
1.703125 5.4910802334488
1.71875 5.57755216479126
1.734375 5.66538583090944
1.75 5.75460267600572
1.765625 5.84522448197964
1.78125 5.93727337374561
1.796875 6.03077182463485
1.8125 6.12574266188199
1.828125 6.22220907219833
1.84375 6.32019460743274
1.859375 6.41972319032174
1.875 6.52081912033011
1.890625 6.62350707958357
1.90625 6.72781213889469
1.921875 6.83375976388396
1.9375 6.94137582119703
1.953125 7.05068658481992
1.96875 7.1617187424937
1.984375 7.2744994022303
2 7.38905609893065
2.015625 7.50541680110726
2.03125 7.62360991771274
2.046875 7.74366430507545
2.0625 7.8656092739449
2.078125 7.9894745966477
2.09375 8.11529051435648
2.109375 8.24308774447282
2.125 8.37289748812726
2.140625 8.50475143779648
2.15625 8.63868178504113
2.171875 8.77472122836504
2.1875 8.91290298119872
2.203125 9.05326078000803
2.21875 9.1958288925309
2.234375 9.34064212614352
2.25 9.48773583635852
2.265625 9.63714593545695
2.28125 9.78890890125587
2.296875 9.9430617860145
2.3125 10.0996422254801
2.328125 10.2586884480767
2.34375 10.4202392842386
2.359375 10.5843341758904
2.375 10.7510131860763
2.390625 10.9203170087423
2.40625 11.0922869786702
2.421875 11.2669650815702
2.4375 11.4443939643311
2.453125 11.6246169454326
2.46875 11.8076780255211
2.484375 11.9936218981525
2.5 12.1824939607035
2.515625 12.3743403254557
2.53125 12.5692078308535
2.546875 12.7671440529392
2.5625 12.9681973169691
2.578125 13.1724167092114
2.59375 13.3798520889305
2.609375 13.5905541005599
2.625 13.8045741860671
2.640625 14.0219645975126
2.65625 14.242778409807
2.671875 14.4670695336694
2.6875 14.694892728789
2.703125 14.9263036171946
2.71875 15.1613586968345
2.734375 15.4001153553705
2.75 15.6426318841882
2.765625 15.8889674926291
2.78125 16.1391823224464
2.796875 16.3933374624877
2.8125 16.6514949636101
2.828125 16.9137178538297
2.84375 17.1800701537093
2.859375 17.4506168919887
2.875 17.7254241214617
2.890625 18.0045589351018
2.90625 18.2880894824437
2.921875 18.5760849862204
2.9375 18.8686157592649
2.953125 19.1657532216759
2.96875 19.4675699182552
2.984375 19.7741395362188
3 20.0855369231876
3.015625 20.4018381054612
3.03125 20.7231203065787
3.046875 21.0494619661735
3.0625 21.3809427591233
3.078125 21.7176436150027
3.09375 22.0596467378411
3.109375 22.407035626194
3.125 22.7598950935267
3.140625 23.1183112889231
3.15625 23.4823717181174
3.171875 23.8521652648586
3.1875 24.2277822126109
3.203125 24.609314266597
3.21875 24.9968545761854
3.234375 25.390497757635
3.25 25.790339917193
3.265625 26.1964786745605
3.28125 26.6090131867249
3.296875 27.0280441721687
3.3125 27.4536739354602
3.328125 27.8860063922296
3.34375 28.3251470945409
3.359375 28.7712032566608
3.375 29.224283781235
3.390625 29.6844992858763
3.40625 30.1519621301721
3.421875 30.6267864431147
3.4375 31.1090881509677
3.453125 31.5989850055665
3.46875 32.0965966130694
3.484375 32.6020444631563
3.5 33.1154519586922
3.515625 33.6369444458543
3.53125 34.1666492447341
3.546875 34.7046956804237
3.5625 35.2512151145886
3.578125 35.8063409775396
3.59375 36.3702088008095
3.609375 36.9429562502415
3.625 37.5247231596011
3.640625 38.1156515647144
3.65625 38.7158857381472
3.671875 39.3255722244269
3.6875 39.9448598758218
3.703125 40.5738998886822
3.71875 41.2128458403547
3.734375 41.8618537266766
3.75 42.5210820000627
3.765625 43.1906916081902
3.78125 43.8708460332936
3.796875 44.5617113320773
3.8125 45.2634561762588
3.828125 45.9762518937486
3.84375 46.7002725104794
3.859375 47.4356947928932
3.875 48.1826982910987
3.890625 48.9414653827072
3.90625 49.7121813173596
3.921875 50.4950342619538
3.9375 51.2902153465855
3.953125 52.0979187112122
3.96875 52.918341553049
3.984375 53.7516841747173
4 54.5981500331442
4.015625 55.4579457892379
4.03125 56.3312813583431
4.046875 57.2183699614893
4.0625 58.119428177448
4.078125 59.0346759956111
4.09375 59.9643368696997
4.109375 60.9086377723172
4.125 61.867809250368
4.140625 62.8420854813395
4.15625 63.831704330479
4.171875 64.8369074088669
4.1875 65.8579401324042
4.203125 66.8950517817278
4.21875 67.948495563078
4.234375 69.0185286701089
4.25 70.1054123466878
4.265625 71.2094119506727
4.28125 72.3307970187012
4.296875 73.4698413319944
4.3125 74.6268229832014
4.328125 75.8020244442903
4.34375 76.99573263552
4.359375 78.2082389954825
4.375 79.4398395522611
4.390625 80.6908349957032
4.40625 81.9615307508316
4.421875 83.252237052415
4.4375 84.563269020706
4.453125 85.894946738382
4.46875 87.2475953286869
4.484375 88.6215450348117
4.5 90.0171313005217
4.515625 91.4346948520514
4.53125 92.8745817812944
4.546875 94.3371436302961
4.5625 95.8227374770863
4.578125 97.3317260228549
4.59375 98.8644776805018
4.609375 100.421366664589
4.625 102.0027730827
4.640625 103.609083028239
4.65625 105.240688674703
4.671875 106.897988371414
4.6875 108.581386740789
4.703125 110.291294777123
4.71875 112.028129946921
4.734375 113.792316290835
4.75 115.584284527187
4.765625 117.404472157122
4.78125 119.253323571426
4.796875 121.131290159024
4.8125 123.038830417176
4.828125 124.976410063434
4.84375 126.944502149322
4.859375 128.943587175851
4.875 130.974153210817
4.890625 133.03669600797
4.90625 135.131719128039
4.921875 137.259734061686
4.9375 139.421260354374
4.953125 141.616825733225
4.96875 143.846966235843
4.984375 146.112226341203
5 148.413159102577
