1 4.76217393479776 0.0427350427350427
2 4.60517018598809 0.05
3 4.47733681447821 0.0568181818181818
4 4.27666611901606 0.0694444444444444
6 3.97029191355212 0.0943396226415094
9 3.38439026334577 0.169491525423729
10 3.22684399451738 0.0396825396825397
12 2.72129542785223 0.0657894736842105
15 2.40694510831829 0.0900900900900901


1 4.78787911714744
1.125 4.76589297791428
1.25 4.74390683868113
1.375 4.72192069944798
1.5 4.69993456021482
1.625 4.67794842098167
1.75 4.65596228174852
1.875 4.63397614251537
2 4.61199000328221
2.125 4.59000386404906
2.25 4.56801772481591
2.375 4.54603158558275
2.5 4.5240454463496
2.625 4.50205930711645
2.75 4.4800731678833
2.875 4.45808702865014
3 4.43610088941699
3.125 4.41411475018384
3.25 4.39212861095068
3.375 4.37014247171753
3.5 4.34815633248438
3.625 4.32617019325122
3.75 4.30418405401807
3.875 4.28219791478492
4 4.26021177555177
4.125 4.23822563631861
4.25 4.21623949708546
4.375 4.19425335785231
4.5 4.17226721861915
4.625 4.150281079386
4.75 4.12829494015285
4.875 4.1063088009197
5 4.08432266168654
5.125 4.06233652245339
5.25 4.04035038322024
5.375 4.01836424398708
5.5 3.99637810475393
5.625 3.97439196552078
5.75 3.95240582628762
5.875 3.93041968705447
6 3.90843354782132
6.125 3.88644740858817
6.25 3.86446126935501
6.375 3.84247513012186
6.5 3.82048899088871
6.625 3.79850285165555
6.75 3.7765167124224
6.875 3.75453057318925
7 3.73254443395609
7.125 3.71055829472294
7.25 3.68857215548979
7.375 3.66658601625664
7.5 3.64459987702348
7.625 3.62261373779033
7.75 3.60062759855718
7.875 3.57864145932402
8 3.55665532009087
8.125 3.53466918085772
8.25 3.51268304162457
8.375 3.49069690239141
8.5 3.46871076315826
8.625 3.44672462392511
8.75 3.42473848469195
8.875 3.4027523454588
9 3.38076620622565
9.125 3.35878006699249
9.25 3.33679392775934
9.375 3.31480778852619
9.5 3.29282164929304
9.625 3.27083551005988
9.75 3.24884937082673
9.875 3.22686323159358
10 3.20487709236042
10.125 3.18289095312727
10.25 3.16090481389412
10.375 3.13891867466096
10.5 3.11693253542781
10.625 3.09494639619466
10.75 3.07296025696151
10.875 3.05097411772835
11 3.0289879784952
11.125 3.00700183926205
11.25 2.98501570002889
11.375 2.96302956079574
11.5 2.94104342156259
11.625 2.91905728232944
11.75 2.89707114309628
11.875 2.87508500386313
12 2.85309886462998
12.125 2.83111272539682
12.25 2.80912658616367
12.375 2.78714044693052
12.5 2.76515430769736
12.625 2.74316816846421
12.75 2.72118202923106
12.875 2.69919588999791
13 2.67720975076475
13.125 2.6552236115316
13.25 2.63323747229845
13.375 2.61125133306529
13.5 2.58926519383214
13.625 2.56727905459899
13.75 2.54529291536584
13.875 2.52330677613268
14 2.50132063689953
14.125 2.47933449766638
14.25 2.45734835843322
14.375 2.43536221920007
14.5 2.41337607996692
14.625 2.39138994073376
14.75 2.36940380150061
14.875 2.34741766226746
15 2.32543152303431
