-1 0.35322690848236
-0.894736842105263 0.309802259625527
-0.789473684210526 0.124837110617201
-0.684210526315789 -0.179854467282462
-0.578947368421053 -0.521775260580296
-0.473684210526316 -0.778546959604401
-0.368421052631579 -0.834212341288874
-0.263157894736842 -0.632604991636986
-0.157894736842105 -0.211597087256371
-0.0526315789473685 0.301971142652196
0.0526315789473684 0.738545534638979
0.157894736842105 0.953842159707218
0.263157894736842 0.886951458303233
0.368421052631579 0.581374974294357
0.473684210526316 0.160599186123614
0.578947368421053 -0.227654398899546
0.684210526315789 -0.4705301385085
0.789473684210526 -0.526107340970266
0.894736842105263 -0.42454349264334
1 -0.240462049968584


-1 0.327044359261202
-0.984375 0.341326389848488
-0.96875 0.349889277097133
-0.953125 0.352814415765364
-0.9375 0.350249184227501
-0.921875 0.342399206312771
-0.90625 0.329519840669473
-0.890625 0.311907219058188
-0.875 0.289889152594349
-0.859375 0.263816211064168
-0.84375 0.23405325613547
-0.828125 0.200971676039203
-0.8125 0.164942528840444
-0.796875 0.126330755657797
-0.78125 0.0854905761183866
-0.765625 0.0427621279362694
-0.75 -0.00153063732836032
-0.734375 -0.0470808377937664
-0.71875 -0.0935984032157875
-0.703125 -0.140808793107119
-0.6875 -0.188450841207369
-0.671875 -0.236273902136996
-0.65625 -0.284034494458425
-0.640625 -0.331492645343917
-0.625 -0.378408145694941
-0.609375 -0.424536921169987
-0.59375 -0.469627714637101
-0.578125 -0.513419259701619
-0.5625 -0.555638103910506
-0.546875 -0.59599721482697
-0.53125 -0.634195473281672
-0.515625 -0.669918126649478
-0.5 -0.702838241892727
-0.484375 -0.732619164266144
-0.46875 -0.758917953886867
-0.453125 -0.781389739695657
-0.4375 -0.799692899489885
-0.421875 -0.813494946461142
-0.40625 -0.822478977724461
-0.390625 -0.826350519314342
-0.375 -0.82484458559404
-0.359375 -0.817732759432921
-0.34375 -0.804830093198631
-0.328125 -0.786001629813284
-0.3125 -0.761168347931824
-0.296875 -0.730312345671531
-0.28125 -0.693481093062555
-0.265625 -0.650790604158055
-0.25 -0.602427405047738
-0.234375 -0.548649203226381
-0.21875 -0.489784196114718
-0.203125 -0.426228991135975
-0.1875 -0.358445145649264
-0.171875 -0.286954371199841
-0.15625 -0.212332481903768
-0.140625 -0.13520220028154
-0.125 -0.0562249644715912
-0.109375 0.023908092455235
-0.09375 0.10448579823153
-0.078125 0.184787022561904
-0.0625 0.264090963225822
-0.046875 0.341687411964808
-0.03125 0.416886776721793
-0.015625 0.489029644818354
0 0.557495685698046
0.015625 0.621711711457378
0.03125 0.681158737875772
0.046875 0.735377917230402
0.0625 0.78397524590214
0.078125 0.826624983612409
0.09375 0.863071755989704
0.109375 0.893131346944033
0.125 0.916690220945439
0.140625 0.933703846737091
0.15625 0.944193922336599
0.171875 0.948244625589083
0.1875 0.945998034379205
0.203125 0.937648875403243
0.21875 0.923438769842612
0.234375 0.903650148249777
0.25 0.878600005522413
0.265625 0.848633660244515
0.28125 0.814118671318076
0.296875 0.775439049242896
0.3125 0.732989880291436
0.328125 0.687172459929869
0.34375 0.63839000797943
0.359375 0.587044013053344
0.375 0.53353122860888
0.390625 0.478241318364609
0.40625 0.421555125643856
0.421875 0.363843520138801
0.4375 0.305466757275
0.453125 0.246774270312961
0.46875 0.188104803949312
0.484375 0.129786790741106
0.5 0.0721388683033875
0.515625 0.0154704359164963
0.53125 -0.0399178462129262
0.546875 -0.0937337035288432
0.5625 -0.145693116489889
0.578125 -0.195520475329951
0.59375 -0.242949066252067
0.609375 -0.287721916918341
0.625 -0.329593009999377
0.640625 -0.368328854222909
0.65625 -0.403710383514323
0.671875 -0.435535137132415
0.6875 -0.463619657809117
0.703125 -0.487802031375618
0.71875 -0.507944480689519
0.734375 -0.523935919259344
0.75 -0.535694366071432
0.765625 -0.543169122914642
0.78125 -0.54634261899584
0.796875 -0.545231834738596
0.8125 -0.539889227125688
0.828125 -0.53040309242928
0.84375 -0.516897318208593
0.859375 -0.499530494488465
0.875 -0.478494373434923
0.890625 -0.454011686936648
0.90625 -0.426333351578584
0.921875 -0.395735109850164
0.9375 -0.362513674385772
0.953125 -0.326982457959904
0.96875 -0.289466985299539
0.984375 -0.250300093071455
1 -0.209817031305052
