0 0 0
0.5 0.479425538604203 0.122417438109627
1 0.841470984807897 0.45969769413186
1.5 0.997494986604054 0.929262798332297
2 0.909297426825682 1.41614683654714
2.5 0.598472144103957 1.80114361554693
3 0.141120008059867 1.98999249660045
3.5 -0.35078322768962 1.9364566872908
4 -0.756802495307928 1.65364362086361
4.5 -0.977530117665097 1.21079579943078
5 -0.958924274663138 0.716337814536774
5.5 -0.705540325570392 0.29133022570874
6 -0.279415498198926 0.039829713349634
6.5 0.215119988087816 0.0234123742719765
7 0.656986598718789 0.246097745656695
7.5 0.937999976774739 0.653364682164974
8 0.989358246623382 1.14550003380861
8.5 0.79848711262349 1.60201190268482
9 0.412118485241757 1.91113026188468
9.5 -0.0751511204618093 1.99717215619638


0 0 0
0.0625 0.0599281923255254 0.00187275601017267
0.125 0.119856384651051 0.00749102404069067
0.1875 0.179784576976576 0.016854804091554
0.25 0.239712769302102 0.0299640961627627
0.3125 0.299640961627627 0.0468189002543167
0.375 0.359569153953152 0.0674192163662161
0.4375 0.419497346278678 0.0917650444984608
0.5 0.479425538604203 0.119856384651051
0.5625 0.524681219379665 0.151235134589214
0.625 0.569936900155126 0.185440856875681
0.6875 0.615192580930588 0.222476848773086
0.75 0.66044826170605 0.262341201408611
0.8125 0.705703942481511 0.305032921952662
0.875 0.750959623256973 0.350553759578332
0.9375 0.796215304032435 0.3990174479743
1 0.841470984807897 0.450080515504076
1.0625 0.860973985032416 0.503396202802777
1.125 0.880476985256936 0.55816057677496
1.1875 0.899979985481456 0.613342806401447
1.25 0.919482985705975 0.670208899055937
1.3125 0.938985985930495 0.728289986909329
1.375 0.958488986155015 0.787574633998682
1.4375 0.977991986379535 0.84814958607533
1.5 0.997494986604054 0.909828529488826
1.5625 0.986470291631758 0.971830405712818
1.625 0.975445596659461 1.03315447965287
1.6875 0.964420901687165 1.09375287173077
1.75 0.953396206714868 1.15381818287168
1.8125 0.942371511742571 1.21292684547106
1.875 0.931346816770275 1.27147993904777
1.9375 0.920322121797978 1.32937968550839
2 0.909297426825682 1.38651941342141
2.0625 0.870444266485466 1.44233903733319
2.125 0.83159110614525 1.49533178482421
2.1875 0.792737945805035 1.54611176677622
2.25 0.753884785464819 1.59441817165665
2.3125 0.715031625124603 1.64083189863655
2.375 0.676178464784388 1.68380187721528
2.4375 0.637325304444172 1.7248596025651
2.5 0.598472144103957 1.76359022923639
2.5625 0.541303127098445 1.79908451069627
2.625 0.484134110092934 1.83121282038309
2.6875 0.426965093087423 1.85959785944446
2.75 0.369796076081912 1.88451274202371
2.8125 0.312627059076401 1.9058222759187
2.875 0.25545804207089 1.92384796446832
2.9375 0.198289025065378 1.93807857635162
3 0.141120008059867 1.94861873081265
3.0625 0.0796321035911813 1.95574969504247
3.125 0.0181441991224955 1.95821840764514
3.1875 -0.0433437053461904 1.95754250785058
3.25 -0.104831609814876 1.95307248724527
3.3125 -0.166319514283562 1.94494014874751
3.375 -0.227807418752248 1.93220188007975
3.4375 -0.289295323220934 1.91610908959484
3.5 -0.35078322768962 1.89628864782989
3.5625 -0.401535636141908 1.87281245058131
3.625 -0.452288044594197 1.84651915953847
3.6875 -0.503040453046485 1.81665508817712
3.75 -0.553792861498774 1.78302792532936
3.8125 -0.604545269951063 1.74668063370688
3.875 -0.655297678403351 1.70708593969217
3.9375 -0.70605008685564 1.66457271611102
4 -0.756802495307928 1.61906442850447
4.0625 -0.784393448102574 1.57110423495014
4.125 -0.81198440089722 1.52099897629914
4.1875 -0.839575353691867 1.46945124732333
4.25 -0.867166306486513 1.41616112330856
4.3125 -0.894757259281159 1.36099156675308
4.375 -0.922348212075805 1.30432242589758
4.4375 -0.949939164870451 1.24593488650007
4.5 -0.977530117665097 1.18546593877455
4.5625 -0.975204387289852 1.124447517836
4.625 -0.972878656914607 1.06263584463408
4.6875 -0.970552926539363 1.00248790243061
4.75 -0.968227196164118 0.942248724409701
4.8125 -0.965901465788873 0.881926531474157
4.875 -0.963575735413628 0.821572863182752
4.9375 -0.961250005038383 0.761400682913395
5 -0.958924274663138 0.70164284123526
5.0625 -0.927251281026545 0.642562015006259
5.125 -0.895578287389952 0.585470846531276
5.1875 -0.863905293753358 0.530490421673766
5.25 -0.832232300116765 0.477324237502095
5.3125 -0.800559306480172 0.426369688993319
5.375 -0.768886312843579 0.377387948632926
5.4375 -0.737213319206985 0.330367562711573
5.5 -0.705540325570392 0.285267539993351
5.5625 -0.652274722148959 0.242881112997546
5.625 -0.599009118727525 0.20374161070179
5.6875 -0.545743515306092 0.167974280520069
5.75 -0.492477911884659 0.135484854204174
5.8125 -0.439212308463226 0.105923041270201
5.875 -0.385946705041792 0.0804861347555468
5.9375 -0.332681101620359 0.0581163282954316
6 -0.279415498198926 0.0389966016840804
6.0625 -0.217598562413083 0.0236369460827137
6.125 -0.155781626627241 0.00179510928738447
6.1875 -0.0939646908413979 0.00464565994698019
6.25 -0.0321477550555552 0.00037784947297359
6.3125 0.0296691807302875 0.000360059659801237
6.375 0.0914861165161301 0.00392381022487509
6.4375 0.153303052301973 0.0116991233617154
6.5 0.215119988087816 0.0229302068824442
6.5625 0.270353314416687 0.0377091103421405
6.625 0.325586640745559 0.0572828997300245
6.6875 0.380819967074431 0.0788004169633973
6.75 0.436053293403302 0.104430823293267
6.8125 0.491286619732174 0.13333450312947
6.875 0.546519946061046 0.165775736282325
6.9375 0.601753272389917 0.201609091225838
7 0.656986598718789 0.240938644336552
7.0625 0.692113270975783 0.282959227688165
7.125 0.727239943232777 0.327426339823093
7.1875 0.76236661548977 0.373988935507673
7.25 0.797493287746764 0.422766189370048
7.3125 0.832619960003758 0.473714723728984
7.375 0.867746632260751 0.526869790378704
7.4375 0.902873304517745 0.582192260652601
7.5 0.937999976774739 0.639712207921081
7.5625 0.944419760505819 0.698480109279555
7.625 0.9508395442369 0.757601957556575
7.6875 0.95725932796798 0.817522255375118
7.75 0.96367911169906 0.877745596783932
7.8125 0.970098895430141 0.938066852346256
7.875 0.976518679161221 0.998774696017741
7.9375 0.982938462892301 1.05974006801049
8 0.989358246623382 1.12167215558208
8.0625 0.965499354873395 1.18245037826065
8.125 0.941640463123409 1.24221612297393
8.1875 0.917781571373422 1.30019990511432
8.25 0.893922679623436 1.35723361541064
8.3125 0.87006378787345 1.41265899853881
8.375 0.846204896123463 1.46553128357181
8.4375 0.822346004373477 1.51789932371655
8.5 0.79848711262349 1.56872225575201
8.5625 0.750191034200774 1.6168205480476
8.625 0.701894955778057 1.66220231100766
8.6875 0.65359887735534 1.70465844528765
8.75 0.605302798932623 1.74410099275432
8.8125 0.557006720509907 1.78025517583262
8.875 0.50871064208719 1.81355185867382
8.9375 0.460414563664473 1.84362173820303
9 0.412118485241757 1.87110502514517
9.0625 0.351209784528811 1.89485522138185
9.125 0.290301083815865 1.91501761379437
9.1875 0.229392383102919 1.93117465717386
9.25 0.168483682389974 1.943826274259
9.3125 0.107574981677028 1.9523153904575
9.375 0.0466662809640822 1.95729528071205
9.4375 -0.0142424197488636 1.95840882006852
9.5 -0.0751511204618093 1.95561376370607
