0 0 0 0 -1 -0.0225725203139491 1
0.5 0.479425538604203 0.479425538604203 0.0789644575986443 -0.877582561890373 1.94027467473076 0.877582561890373
1 0.841470984807897 0.841470984807897 0.459862187169112 -0.54030230586814 -0.492092889915987 0.54030230586814
1.5 0.997494986604054 0.997494986604054 0.886057641372867 -0.0707372016677029 1.11618889710062 0.0707372016677029
2 0.909297426825682 0.909297426825682 1.41665358662791 0.416146836547142 -1.46897913621411 -0.416146836547142
2.5 0.598472144103957 0.598472144103957 1.75827696756463 0.801143615546934 0.225678005327209 -0.801143615546934
3 0.141120008059867 0.141120008059867 1.99070026595016 0.989992496600445 -2.05508654950357 -0.989992496600445
3.5 -0.35078322768962 -0.35078322768962 1.89364167970949 0.936456687290796 0.0874736065056183 -0.936456687290796
4 -0.756802495307928 -0.756802495307928 1.6542352933691 0.653643620863612 -1.71155067697885 -0.653643620863612
4.5 -0.977530117665097 -0.977530117665097 1.1677318266135 0.21079579943078 0.828640187550177 -0.21079579943078
5 -0.958924274663138 -0.958924274663138 0.716595166184132 -0.283662185463226 -0.754216815542342 0.283662185463226
5.5 -0.705540325570392 -0.705540325570392 0.247978073500603 -0.70866977429126 1.76775261191333 0.70866977429126
6 -0.279415498198926 -0.279415498198926 0.0398440114174348 -0.960170286650366 -0.0632533024274642 0.960170286650366
6.5 0.215119988087816 0.215119988087816 -0.0200828958868933 -0.976587625728023 2.04139524757443 0.976587625728023
7 0.656986598718789 0.656986598718789 0.246185513956843 -0.753902254343305 -0.273928805050535 0.753902254343305
7.5 0.937999976774739 0.937999976774739 0.61012012211414 -0.346635317835026 1.39798231727433 0.346635317835026
8 0.989358246623382 0.989358246623382 1.14590130694024 0.145500033808614 -1.19254923787976 -0.145500033808614
8.5 0.79848711262349 0.79848711262349 1.559153240149 0.602011902684824 0.429064701880197 -0.602011902684824
9 0.412118485241757 0.412118485241757 1.91181412372268 0.911130261884677 -1.97453921140713 -0.911130261884677
9.5 -0.0751511204618093 -0.0751511204618094 1.95436627684404 0.997172156196378 0.0254607885928682 -0.997172156196378
