0.01 -0.96532094234801 0.247396004494243 0.478408966512216 0.429224335622237 -0.0093240737 -0.0086473146 -0.932570499429327 -0.864525830253058 0.974669264368806 -0.238754749528546 0.459011197076311 0.434087881770245 
0.0205791827649339 -0.960191009466054 0.251918665977039 0.491497700114811 0.425664921597489 -0.019191735152659 -0.0177909888313627 -0.933098700231484 -0.863860057345057 0.979485439641076 -0.234153377250506 0.451582268492689 0.435695571452356 
0.0315346059495527 -0.954731683478922 0.256561101842597 0.505241605467541 0.42171092217805 -0.0294182601462954 -0.0272498549100317 -0.934030523755431 -0.862683604038076 0.984391103143838 -0.229371626997395 0.444086648378278 0.437140842487706 
0.0427252498435345 -0.948998601903281 0.261256909319456 0.519477386480756 0.417375779922054 -0.0398771062451274 -0.0368956952121339 -0.93538473247143 -0.860968168006621 0.989318455632671 -0.22447209210954 0.436639482379294 0.438398720203185 
0.0540543033579775 -0.94303121136278 0.265959628750508 0.534088406434186 0.412666132151161 -0.0504830573735262 -0.046638316840246 -0.937166505685661 -0.858699602344074 0.994223070703218 -0.219498842498066 0.429317159667464 0.439459809058679 
0.0654549767302804 -0.936857859803128 0.270636321387406 0.548989662096987 0.407583997527886 -0.0611787856951081 -0.0564135131290114 -0.939371785656946 -0.855872441804434 0.999076199584082 -0.214483203980779 0.422169750175826 0.440324371238969 
0.0768804060901814 -0.930499544401657 0.275263025076874 0.564116923994705 0.402128520755019 -0.0719253105361004 -0.0661744633686513 -0.941990082181638 -0.852486520970892 1.00385938630054 -0.209447916537587 0.415229742310657 0.440998435722348 
0.0882969061005684 -0.923972476846254 0.27982173444939 0.579419409109653 0.396297255106214 -0.0826956265582175 -0.0758859722870468 -0.945006240798992 -0.84854498202828 1.0085609084084 -0.204409936937024 0.408517848763165 0.441491348795891 
0.0996796272490982 -0.917289753468146 0.284298467855418 0.594855058515455 0.390087049475756 -0.0934706021316994 -0.0855207586230116 -0.948401589888583 -0.844053112948478 1.01317349673471 -0.199382254939536 0.402046759747036 0.441814256264431 
0.111009828618194 -0.910462395485023 0.288682057780473 0.610387605752256 0.383494622823598 -0.104236402807766 -0.0950571222860776 -0.952154743528578 -0.83901764516286 1.01769289728548 -0.194375041093838 0.395823549198682 0.441979160161149 
0.122273192031211 -0.903499965276843 0.29296340200248 0.625984822838904 0.37651690097508 -0.114982900726802 -0.104477498398726 -0.95624222300515 -0.833446288407217 1.02211696760428 -0.18939636149351 0.389851230394618 0.441998322745126 
0.133458787124203 -0.896410907046169 0.297134997911739 0.641617513225834 0.369151177152587 -0.125702704305105 -0.113767562123772 -0.960638982433755 -0.827347379582891 1.02644510413153 -0.184452621485736 0.384129787414995 0.441883880814441 
0.144558432122452 -0.889202714596692 0.301190644854764 0.657258960493707 0.361395144683039 -0.136390569192711 -0.122915664098873 -0.965318876820376 -0.820729582985796 1.03067787107029 -0.179548845071879 0.378656888063671 0.441647590320584 
0.155566288292689 -0.881881995525272 0.305125242237987 0.672884641089235 0.353246839585465 -0.147043038193486 -0.131912456882235 -0.970255084892245 -0.813601613778189 1.03481675056391 -0.174688858038813 0.373428403562453 0.441300655215325 
0.166478588053193 -0.87445447742791 0.308934639517995 0.688472078067174 0.344704522114075 -0.157658215260919 -0.140750626775843 -0.97542048652572 -0.805971974862593 1.03886396571049 -0.169875416784188 0.368438809151022 0.44085361386378 
0.177293437078498 -0.866924985180971 0.312615512529592 0.704000759414675 0.335766519345091 -0.168235615987569 -0.149424680625015 -0.980787990133633 -0.797848705922175 1.04282234785435 -0.165110307677167 0.36368150814606 0.440316267067306 
0.188010656503881 -0.859297406911943 0.316165252135974 0.719452075760725 0.32643104512258 -0.1787760608954 -0.157930759658746 -0.986330805291799 -0.789239146481352 1.04669523183245 -0.160394430811383 0.359149103163574 0.439697637481272 
0.198631647434173 -0.851574658422386 0.319581858208276 0.734809252860892 0.316696008829881 -0.189281592906852 -0.166266466344941 -0.992022657840638 -0.780149714979078 1.0504863701972 -0.155727875150241 0.354833627395827 0.439005953240834 
0.209159269724877 -0.843758650515217 0.32286383600789 0.750057267475844 0.306558820355924 -0.199755409704504 -0.174430698485733 -0.997837947259738 -0.770585704574785 1.05419986171336 -0.151109987943916 0.350726742957409 0.438248650232293 
0.219597732674909 -0.835850260162208 0.326010094204012 0.765182743405178 0.296016195173743 -0.210201807308666 -0.182423489349648 -1.00375184846773 -0.760551094612911 1.05784009182025 -0.146539438956503 0.346819910365535 0.437432388394714 
0.229952498361175 -0.827849304183952 0.329019844718091 0.780173829095047 0.285063960558971 -0.220626134471952 -0.190245854878733 -1.00974036194898 -0.750048374831992 1.06141168402086 -0.142014278825205 0.343104531923513 0.436563078084394 
0.240230199875696 -0.819754512699432 0.331892504818718 0.795020060549592 0.27369686156148 -0.23103475931471 -0.197899649835702 -1.01578031711825 -0.739078377729887 1.06491946179126 -0.137531990333159 0.339572071345474 0.435645913061635 
0.250438577384092 -0.811563498725815 0.334627601704278 0.809712214061059 0.261908363296731 -0.241435050615923 -0.205387434783129 -1.02184933412572 -0.727640113032299 1.0683684209007 -0.133089531209199 0.336214151926786 0.434685407134405 
0.26058643517246 -0.803272719728203 0.337224679400559 0.82424215311513 0.249690444314303 -0.251835376746409 -0.212712355416014 -1.02792574897409 -0.715730596896297 1.07176371218437 -0.128683367067 0.333022635665762 0.433685431931445 
0.270683623000091 -0.794877426437204 0.339683207278136 0.838602673132627 0.237033374072755 -0.262245125672599 -0.219878035254688 -1.03398850598427 -0.703344667186033 1.07511063493092 -0.124309493126515 0.329989685846284 0.432649253668721 
0.280741045344152 -0.786371593702204 0.342002488912198 0.85278734674757 0.223925465716822 -0.272674749978727 -0.226888482198373 -1.04001702040988 -0.690474774708068 1.07841464120766 -0.119963443330374 0.327107815643961 0.431579567100314 
0.290770702672563 -0.777747827374775 0.344181569373589 0.866790371262445 0.210352793190773 -0.283135841620806 -0.233748009023849 -1.04599101242651 -0.677110738466995 1.08168135169596 -0.115640285310742 0.324369925312526 0.430478525089223 
0.300785769859631 -0.768997240056082 0.346219138326897 0.880606418854543 0.196298858948381 -0.293641242297342 -0.240461167628706 -1.05189031182114 -0.663239450518074 1.08491658398636 -0.111334599320877 0.321769330458059 0.429347762376679 
0.310800718431604 -0.760109286796124 0.348113425458969 0.894230489062787 0.181744194761129 -0.30420519708514 -0.247032696680744 -1.05769463042255 -0.648844512480851 1.08812639483371 -0.10704043865766 0.319299783844843 0.428188412150263 
0.320831491721976 -0.751071549231686 0.349862083671325 0.907657762046543 0.166665872856185 -0.314843561595891 -0.253467482350815 -1.0633832965021 -0.633905780715973 1.09131713865931 -0.102751268181263 0.316955493132833 0.427001113884911 
0.330895745569092 -0.741869452797658 0.351462053993211 0.920883450019632 0.151036897060023 -0.325574076735314 -0.259770531984542 -1.06893494177403 -0.618398789789768 1.09449554570805 -0.0984598761561878 0.314731136963192 0.425786010617028 
0.34101317243843 -0.732485895930226 0.352909404079628 0.933902643024351 0.134825432593546 -0.336416730776898 -0.265946960931023 -1.07432712680269 -0.602294012979043 1.09766882488067 -0.0941582525873085 0.31262188193466 0.424542733245907 
0.35120593467119 -0.722900761619162 0.354199129091475 0.946710143666577 0.117993816772154 -0.347394236840483 -0.272001993342421 -1.07953588386972 -0.585555902327098 1.10084479862094 -0.0898374241673135 0.310623403316275 0.423270368531306 
0.361499244398669 -0.713090268642506 0.355324899129899 0.95930028334356 0.10049726801401 -0.35853266655345 -0.277940978683356 -1.08453514650155 -0.568141626073611 1.10403208077357 -0.0854872313244245 0.308731912921021 0.421967405989889 
0.371922145989555 -0.703026099583201 0.356278730234994 0.971666709477894 0.0822821720149915 -0.36986230032519 -0.283769427122113 -1.08929601993594 -0.549999382935125 1.107240313769 -0.0810960256986935 0.306944198581674 0.420631656572908 
0.382508586056062 -0.692674210466763 0.357050544555577 0.983802128688469 0.0632837625473728 -0.381418785945089 -0.28949306924769 -1.09378582339128 -0.53106611158819 1.11048049011935 -0.0766502549883016 0.305257681400971 0.419260132278815 
0.393298903938001 -0.681993173811724 0.357627566567057 0.995697983578501 0.0434229134428518 -0.393244748600761 -0.29511794928874 -1.09796679690944 -0.511264313235498 1.11376539735784 -0.0721338834100488 0.303670499890648 0.417848869704705 
0.404341957208795 -0.670931816437053 0.357993470331517 1.0073440288985 0.0226015864047408 -0.405392082994661 -0.300650567407993 -1.10179430112628 -0.490497533920081 1.11711024964985 -0.0675275641563493 0.30218163520334 0.416392670044572 
0.415436729167705 -0.659692207736843 0.358126825450579 1.01847263302818 0.00120589428299871 -0.417636227365918 -0.305975412729101 -1.10514164456946 -0.469152325654087 1.12045496557974 -0.0629159270807852 0.300821535261259 0.414919547732513 
0.42643275381107 -0.648434038004581 0.358022239423745 1.02890456243232 -0.0204402171011559 -0.429805202788297 -0.311016644020072 -1.10793014877008 -0.447553469380214 1.12375576178053 -0.0583615117372851 0.299605593992035 0.413451419860388 
0.437252808328905 -0.637247337693696 0.35768472184811 1.03855980496927 -0.0421356416573964 -0.441806447133074 -0.315743090847545 -1.11012663918047 -0.425903118951413 1.12699138367211 -0.053895777748669 0.298535405467631 0.41200060463361 
0.447866473241579 -0.626175771250043 0.357123597568047 1.04741772868081 -0.0637648810274164 -0.453598924918864 -0.320149806578885 -1.11172416388564 -0.404317784599717 1.1301546900195 -0.0495305060725938 0.297605495479839 0.410573037617824 
0.458271198823592 -0.615234090094623 0.356349004923432 1.05548989761729 -0.0852683778492989 -0.465172802871597 -0.324245710760705 -1.1127290389194 -0.382857902703154 1.13324675062889 -0.045265894751352 0.296807448612512 0.409170691772087 
0.46847991437141 -0.604420015408098 0.355370135924913 1.06280318097444 -0.10662128306288 -0.476535938379527 -0.328046031262599 -1.11315298101928 -0.361549047607228 1.13627305542082 -0.0410958150491204 0.296132196951857 0.40779322626716 
0.478513411107044 -0.593721832449489 0.354194495343071 1.06938997876243 -0.12781924765786 -0.487705439773402 -0.33156799769879 -1.11300870228741 -0.340396150890593 1.13924122808251 -0.0370110160161129 0.295571170787778 0.4064390390123 
0.488395901116838 -0.58312301057076 0.352827692632711 1.07528293616189 -0.148869361079989 -0.498702654304198 -0.334828553594237 -1.11230763802697 -0.319392583881171 1.14215972213486 -0.0330009754821989 0.295116803178326 0.405105905811838 
0.498152572951303 -0.572604883727676 0.351273479080662 1.08051231650891 -0.169784597394245 -0.509550340409864 -0.337843248256598 -1.111058895528 -0.298525732797003 1.1450371242798 -0.0290549070223029 0.294762693688686 0.403791350872608 
0.507808353644788 -0.562148117068551 0.349533874407143 1.08510486824805 -0.190580543471746 -0.520271176336489 -0.340625782933314 -1.10926885402766 -0.277780288804219 1.14788181865967 -0.0251622613866684 0.294503607183773 0.402492850137314 
0.517387376907718 -0.551733436394929 0.347609304855924 1.08908348544565 -0.211273563067672 -0.530887060254241 -0.343187899208747 -1.10694108131978 -0.257140098341026 1.15070185871155 -0.021312935062204 0.294335403579678 0.401207933991924 
0.526912852913823 -0.541341920845 0.345498717153463 1.092467257756 -0.231879840524653 -0.541418865320515 -0.345539431459148 -1.10407637963216 -0.23658913019314 1.15350495477165 -0.0174973145326099 0.294254948298625 0.399934231165 
0.536407160184397 -0.530955041930063 0.343199654092077 1.09527168490473 -0.252414950539104 -0.551886448177732 -0.347688425080201 -1.10067285994834 -0.21611191337661 1.15629852423056 -0.013706231485725 0.294260027813445 0.398669479284236 
0.545892057516933 -0.520554557051533 0.340708287226791 1.0975089349869 -0.272893735292223 -0.562308793897243 -0.349641268181844 -1.09672599232444 -0.195693665000708 1.15908977463174 -0.00993087146680193 0.294349281377407 0.397411517171705 
0.555388960985774 -0.510122318658043 0.338019405716484 1.0991880844616 -0.293330357259372 -0.572704232149618 -0.351402810026122 -1.09222860522714 -0.175320240151092 1.1618858042725 -0.00616265874174198 0.294522153496648 0.396158267534201 
0.564919259492346 -0.499640031036913 0.335126360655958 1.10031530933882 -0.313738451073347 -0.583090690714031 -0.352976453122049 -1.08717081902872 -0.154977980624626 1.16469371334699 -0.00239312833894141 0.294778868857413 0.39490771479604 
0.574504659758688 -0.489088968459574 0.332020962837447 1.10089401302997 -0.334131332311191 -0.593485971412013 -0.354364212641213 -1.08153990313008 -0.134653504701882 1.16752072384111 0.00138621087147635 0.295120430585584 0.393657880464465 
0.584167562870565 -0.478449656473012 0.328693329401792 1.1009248832895 -0.354522242735707 -0.60390804532125 -0.355566739593363 -1.07532004580861 -0.114333458325602 1.17037430974751 0.00518402267364346 0.295548643013348 0.39240679699111 
0.593913076513092 -0.467721768759885 0.325138573967674 1.10040736183898 -0.374886380582572 -0.614355700130173 -0.356581576006151 -1.06850539907601 -0.0940423395948839 1.17325689304627 0.00900210380658091 0.296065105599555 0.391154835313898 
0.603749195248262 -0.456901943011421 0.321350608433733 1.09934190595459 -0.395204007990266 -0.624830489956354 -0.35740641445487 -1.06108923658391 -0.073799525023926 1.17617179758853 0.0128433611235948 0.296671792600695 0.389902070891156 
0.613691015615479 -0.445979178367973 0.317320116774607 1.09772852460803 -0.415468630015402 -0.635341053473123 -0.358039049299577 -1.05305976656145 -0.053611116849123 1.17912451757502 0.0167134325239474 0.297371491995645 0.388647781336557 
0.623758907821915 -0.434936932050064 0.313034656282106 1.09556552138866 -0.435682198802143 -0.645900874574054 -0.358476621926482 -1.04440004171821 -0.0334747144858011 1.18212220873597 0.0206199351046281 0.298167961806852 0.387390734052809 
0.633977638744971 -0.423754202621256 0.308478556435212 1.09284869328814 -0.455852239376599 -0.656527063616948 -0.358715109006344 -1.03508769148193 -0.0133822634973962 1.18517346509044 0.0245720944047523 0.299066082511952 0.386129354004054 
0.644376169773098 -0.412405901884637 0.303632611841157 1.08957072427511 -0.475990241519366 -0.667239830954825 -0.358748920783934 -1.02509439922611 0.00667836495997626 1.18828830216814 0.0285806399159039 0.300072037598331 0.384861813245156 
0.654987978899445 -0.400862687260407 0.29847354866177 1.08572060285914 -0.496110902060763 -0.678062458385005 -0.358570518288899 -1.01438505150135 0.0267226515675464 1.1914783058391 0.0326579030825118 0.30119354932053 0.383586068235755 
0.665851854980743 -0.38909032560581 0.292973218205284 1.08128293710591 -0.516231973478531 -0.689021673191969 -0.358169978707363 -1.00291646348565 0.0467693229124666 1.19475693652695 0.0368180931550531 0.302440198963034 0.382299860045136 
0.677013199506633 -0.377048572231422 0.287097433492058 1.07623704989617 -0.536374600444066 -0.700148409038342 -0.357534441174603 -0.990635534360887 0.0668407493259201 1.19814000685675 0.0410777600255991 0.303823870390852 0.381000684702102 
0.688245630915085 -0.364989656640452 0.280960346377348 1.07069946737456 -0.556079890155035 -0.711204880616694 -0.356671745095457 -0.977802619407826 0.086481127586548 1.20156080036478 0.045350048505726 0.305320680725221 0.379717446625594 
0.699409713537505 -0.353068209242064 0.274644500178244 1.06477791788182 -0.575082296313493 -0.722048700373291 -0.355598876287995 -0.964613805169496 0.105427184439575 1.20497801789192 0.0495821970139501 0.306911123749248 0.378467563997998 
0.710439874217922 -0.341356868045344 0.268199312386483 1.05855691299304 -0.593268950337378 -0.732615567754232 -0.354334341288426 -0.951194731067468 0.123567660278424 1.20837223965866 0.0537500175512021 0.308582121489476 0.37725916141675 
0.721315477501587 -0.329878698165901 0.261651226421044 1.05209948178577 -0.61061533661074 -0.742887464105791 -0.352894759113658 -0.937620810074365 0.140879262260807 1.21173747865358 0.0578465336169096 0.310325718183965 0.37609491696813 
0.732041125740744 -0.318629189055551 0.255011784867375 1.04545154149912 -0.627143102915495 -0.752871422974995 -0.351293693878615 -0.923934176606751 0.157384676951735 1.21507539452343 0.0618743126927933 0.312137709008361 0.374974621959681 
0.742634395900303 -0.307589883454588 0.248283337189747 1.03864645942624 -0.64289484374152 -0.762586585332524 -0.349541606729411 -0.910156076069996 0.173127486940536 1.21839167032634 0.0658407352940818 0.314016501405166 0.37389673752283 
0.75311867921773 -0.296736288236509 0.241462797404108 1.03170884644727 -0.657920069257656 -0.772056816342629 -0.347646250241648 -0.89629523081725 0.188158223014205 1.22169388336725 0.069755259139638 0.315962271900817 0.372859280905044 
0.763519234154661 -0.286042202064633 0.234543997637391 1.02465739374239 -0.672267941844004 -0.781306752086952 -0.345613165943102 -0.882353199870047 0.202527151554553 1.22499032316779 0.0736279289183901 0.317976382859584 0.371860300477545 
0.773861155279865 -0.275481919068365 0.22751910269286 1.01750687283785 -0.68598387388698 -0.790359846526706 -0.343446141866521 -0.868327679447847 0.216280904012576 1.22828937838372 0.077468622537614 0.320060997331641 0.370898112508853 
0.784168438038319 -0.265031226445859 0.220379425124815 1.01026949795038 -0.699108220572045 -0.799237533307826 -0.341147584976901 -0.854214465870063 0.229461190895648 1.23159925211617 0.0812867148433646 0.322218833890539 0.369971406496499 
0.794463646004059 -0.254667745291714 0.213115869960954 1.00295583594813 -0.711676046970588 -0.807958980328401 -0.338718806041013 -0.840008580779882 0.242104584967225 1.23492785997919 0.0850909684165542 0.324453016007428 0.369079281814635 
0.804767893785633 -0.244370931982349 0.205719156699117 0.995575408828084 -0.723717401943865 -0.81654114002101 -0.336160229857736 -0.825704886736712 0.254242809411205 1.23828282570906 0.0888895416704227 0.326766983387608 0.368221251268033 
0.815100983658669 -0.234121917931979 0.198179910764966 0.988137092870686 -0.735257794972894 -0.824998931712239 -0.333471546920318 -0.811298400953455 0.265903228959301 1.24167152587344 0.092690052849005 0.329164443062892 0.367397231105561 
0.825481607359798 -0.223903284074686 0.19048868062003 0.980649385828719 -0.746318720549083 -0.83334546919495 -0.330651821008044 -0.796784435404197 0.277109389719414 1.24510115698416 0.0964996667281732 0.331649345574471 0.366607527864889 
0.83592756661491 -0.213698819958913 0.182635914011505 0.973120589567883 -0.756918156157826 -0.841592289764354 -0.327699564283564 -0.782158640708252 0.287881534399693 1.2485788109086 0.100325186898973 0.334225876771528 0.365852827299913 
0.846455989681513 -0.203493291414323 0.1746119128356 0.965558939020547 -0.767071003143543 -0.849749564583103 -0.324612788577364 -0.767416999502984 0.298237062646462 1.25211155162683 0.104173145485302 0.336898459202952 0.365134187867218 
0.857083534208687 -0.19327222665781 0.166406777568485 0.95797269723691 -0.776789461791423 -0.857826282771131 -0.321389039130065 -0.752555795620309 0.308190928150221 1.2557064903649 0.108049887032176 0.339671759321259 0.364453039800802 
0.867826573650659 -0.183021723312988 0.158010347120343 0.950370229064905 -0.786083342467786 -0.865830407959904 -0.318025415207489 -0.737571573706534 0.317755974640483 1.25937085829805 0.111961645872817 0.342550698146169 0.363811190095932 
0.878701367991817 -0.172728275146538 0.149412136960376 0.942760061309998 -0.794960319055085 -0.873769009012758 -0.314518580632231 -0.722461097014227 0.326943217284509 1.26311207715743 0.115914617572639 0.345540463929568 0.363210833417037 
0.889724221199418 -0.16237861566821 0.140601276611435 0.935150934233462 -0.803426132195564 -0.881648367777768 -0.31086476628209 -0.707221307077471 0.335762077306883 1.26693782865091 0.119915025646675 0.348646525912865 0.362654568852341 
0.900911628498842 -0.151959575131752 0.131566446607003 0.927551847341758 -0.81148474964268 -0.889474066989435 -0.307059765889166 -0.691849286693704 0.344220577470243 1.27085612389036 0.123969184989364 0.351874648596979 0.362145422455083 
0.912280416764479 -0.141457947371232 0.122295814423746 0.919972101202326 -0.819138490167915 -0.897251061252577 -0.303098925950329 -0.676342226360278 0.352325505254395 1.27487537415698 0.128083563530272 0.35523090613587 0.361686875581722 
0.923847881316468 -0.13086036301349 0.112776968556021 0.912421336234034 -0.826388116416751 -0.904983733682719 -0.298977130166193 -0.660697393616189 0.360082549574153 1.27900446442062 0.132264843641118 0.35872169656919 0.361282899132438 
0.935631922364613 -0.120153165761537 0.102996849665221 0.904909568897908 -0.833232901056563 -0.912675940373168 -0.294688778513314 -0.644912104356077 0.36749641589125 1.28325283110996 0.136519984826868 0.362353755662227 0.360937993904887 
0.947651184333183 -0.109322288559075 0.092941677541909 0.897447225350886 -0.839670669595057 -0.920331044471967 -0.290227760786787 -0.62898369495659 0.374570923688236 1.28763054573893 0.140856289269921 0.366134170144114 0.36065723738363 
0.95992520138573 -0.0983531264752328 0.0825968724126195 0.890045172356405 -0.845697822391824 -0.927951941307568 -0.285587424199171 -0.612909493889707 0.381309089507005 1.29214840615328 0.145281471882348 0.370070390143368 0.360446337404818 
0.972474552683531 -0.0872304030618268 0.0719469688699022 0.882714745030573 -0.851309337627731 -0.935541075706695 -0.28076053436294 -0.596686791335379 0.387713198106176 1.29681803738749 0.149803736672607 0.374170240624307 0.360311693262212 
0.985321031287078 -0.0759380267095597 0.0609755203721918 0.875467770817451 -0.856498756312251 -0.943100452398224 -0.275739228695584 -0.580312805109404 0.393784863741744 1.3016520044374 0.15443186146573 0.378441931638031 0.360260464962281 
0.998487831183444 -0.0644589331392049 0.0496649918179912 0.868316588918407 -0.861258149764488 -0.95063164018511 -0.270514960946457 -0.563784640964827 0.399525083100752 1.30666393968022 0.15917529334826 0.382894067226242 0.36030065150209 
1.01199975774069 -0.0527749095759855 0.0379966371096561 0.861274064242883 -0.865578069362018 -0.958135770382273 -0.265078435127199 -0.547099244983319 0.404934280993757 1.31186868824527 0.16404425766625 0.38753565286493 0.360441179246082 
1.02588346801799 -0.0408663953237874 0.0259503578394206 0.854353594800642 -0.869447477669271 -0.965613529850019 -0.259419526602006 -0.530253345323245 0.410012349513846 1.31728247539752 0.169049884020445 0.39237610141916 0.360692001734041 
1.04016774888632 -0.0287122523151493 0.0135045381929615 0.847569111322376 -0.872853659283344 -0.973065148786294 -0.253527187420518 -0.513243380005357 0.41475868097316 1.32292310100273 0.174204353525134 0.397425237714161 0.361064212586164 
1.05488384296399 -0.0162894976702367 0.000635849791138701 0.840935067783595 -0.87578210880701 -0.98049038326025 -0.247389332101956 -0.496065406658436 0.419172194506528 1.32881016748208 0.179521072692989 0.402693302029379 0.361570173615914 
1.0700658351202 -0.00357298822114949 -0.012680981635021 0.834466421426206 -0.878216392195886 -0.987888492253209 -0.240992698932684 -0.478714989165749 0.423251355757719 1.33496534945184 0.185014880771944 0.408190953114099 0.362223660864152 
1.0857511159963 0.00946495584197997 -0.0264734582759141 0.828178600835601 -0.880137976221849 -0.99525820869302 -0.234322680320908 -0.461187054877886 0.426994188503962 1.34141271564893 0.190702299326745 0.413929271735388 0.363040032096175 
1.10198094399728 0.0228550048421486 -0.0407716547900595 0.822087460652861 -0.881526018800399 -1.00259770358538 -0.227363113720658 -0.443475714386107 0.430398276388055 1.34817911700348 0.196601835521591 0.419919766340237 0.364036420452395 
1.11880113403387 0.0366313728323271 -0.0556086436006663 0.816209221596337 -0.882357110238033 -1.00990454180615 -0.220096021888778 -0.425574033631804 0.433460752061254 1.35529465918632 0.202734354205613 0.426174383196351 0.3652319605521 
1.13626291071881 0.0508324991601418 -0.0710210252360031 0.810560394647566 -0.88260495176689 -1.01717562734276 -0.212501287473564 -0.407473745135071 0.436178269920323 1.36279328414526 0.209123538952012 0.432705524441688 0.366648055620355 
1.1544239768963 0.0655018974312044 -0.0870495964121829 0.805157688531893 -0.882239952605117 -1.02440713464275 -0.204556241701814 -0.389164881011584 0.438546957142446 1.37071349382726 0.215796469292059 0.439526078924478 0.368308697441042 
1.17334986709022 0.0806892252143713 -0.103740200398308 0.800017899994395 -0.881228719542832 -1.03159442106633 -0.196235139541832 -0.370635304670406 0.440562335721974 1.37909926165016 0.222784351498801 0.446649472704896 0.370240855588371 
1.19311568248528 0.0964516485172813 -0.121144821191279 0.79515778682294 -0.879533402666676 -1.03873191297164 -0.187508483090186 -0.351870109786058 0.44221920544428 1.38800119520255 0.230123454955418 0.454089748851503 0.372474959156236 
1.21380834389127 0.112855605590247 -0.139323007904943 0.790593924066809 -0.877110845647185 -1.04581295424765 -0.178342139319233 -0.332850842921041 0.443511473793904 1.39747804009856 0.237856327873006 0.461861690075835 0.375045504200718 
1.23552955918037 0.129979120681043 -0.15834375306795 0.786342544373142 -0.873911466314188 -1.05282960043207 -0.168696174859751 -0.3135544877248 0.444431913023863 1.40759865481562 0.246033399000182 0.469981003431549 0.377991835145832 
1.25819725510963 0.147756471934577 -0.17811175045803 0.782451676199909 -0.869916346801299 -1.05971285189185 -0.158613461237158 -0.294122526783766 0.444968854015306 1.41834774055684 0.254637912952202 0.478389794880748 0.381328174161066 
1.28169252323764 0.166096163785267 -0.198498220847332 0.778958656302799 -0.865131663466704 -1.06639096557363 -0.148154661038224 -0.27471262345845 0.445122212852211 1.42968951938468 0.263639518751841 0.487013217057209 0.385056559782245 
1.30596724449653 0.184964547526633 -0.219435243491556 0.775874377070567 -0.859566080159564 -1.0728206394901 -0.137349852761757 -0.255408542050626 0.444902744222535 1.44161906306069 0.273035070214806 0.495800257724871 0.389183132822628 
1.3310202918888 0.20436584901594 -0.240894272513573 0.773194233181681 -0.853226759146089 -1.07897457336136 -0.126208758889876 -0.236248811974776 0.444325681409971 1.45415304669477 0.282840362493404 0.504714643018939 0.39371736067228 
1.35688177030107 0.224329119285392 -0.262871662299371 0.770904638316591 -0.846117869744834 -1.08483353880225 -0.114727673000833 -0.217245177393358 0.44340737224454 1.46732353384867 0.293084764474206 0.513728553211774 0.398671192053084 
1.38360313846507 0.244900150320264 -0.285379345617633 0.768986687093777 -0.838240375166083 -1.09038148248119 -0.102893914061657 -0.198393951419902 0.442163653321604 1.48117405792453 0.30380798852625 0.522818463710312 0.404058274115023 
1.41125132079648 0.266136701931947 -0.308438999048382 0.767418103285021 -0.829592395139691 -1.09560252113202 -0.0906885786329061 -0.17968278821455 0.440609161152329 1.49575730877552 0.315058331951709 0.531962456883061 0.409893270968417 
1.43990542725179 0.288105857616962 -0.332078462785122 0.766174207761885 -0.820169781915312 -1.1004790562405 -0.0780881718222465 -0.161094615943112 0.438757117431658 1.511133900829 0.32689190592205 0.541138506100922 0.416191279356549 
1.46965515373254 0.310882727942411 -0.356329576256786 0.765228349023952 -0.809966740880257 -1.10499051754868 -0.0650655162089312 -0.142609855433725 0.436619337309914 1.52737186142323 0.339372529714285 0.550323387088971 0.422967321229606 
1.50060026974914 0.334550007006018 -0.381226883794642 0.76455205406804 -0.79897642744633 -1.10911243233072 -0.0515901998917481 -0.124207622058823 0.434206331081771 1.54454660280418 0.352572087845603 0.559491990268957 0.43023589039045 
1.53285082662442 0.359198078250539 -0.406806863498624 0.764115046254436 -0.787191499550216 -1.1128156345244 -0.0376287293392069 -0.105866332938515 0.431527435865391 1.56274122845644 0.366571229651968 0.568616890517081 0.43801053338351 
1.56652786716615 0.384925487956138 -0.433107461418226 0.763885212459478 -0.774604625183084 -1.11606549765425 -0.0231444897922365 -0.0875639706335826 0.428590948442691 1.58204708273434 0.381460345112645 0.577668085570277 0.446303449559019 
1.60176451227511 0.411839681369522 -0.460167794381085 0.763828565351696 -0.76120895085501 -1.11882111541723 -0.00809757556223661 -0.0692781507716139 0.425404247847767 1.60256449088126 0.397340786436619 0.586612849487545 0.455125100072226 
1.63870736037174 0.440057944239702 -0.488027934845528 0.763909226259253 -0.74699853718349 -1.12103437525781 0.00755547302173514 -0.0509860789944012 0.421973904669456 1.62440366128557 0.414326328856029 0.595415669615625 0.464483819835638 
1.67751817469284 0.469708522498569 -0.51672872129275 0.764089442727336 -0.731968765553257 -1.12264888031081 0.023862005384378 -0.0326644458454373 0.418305777811314 1.64768573799833 0.432544880826487 0.604038248985796 0.474385429972497 
1.71837585982532 0.500931911961808 -0.546311555221184 0.764329648377806 -0.716116716769806 -1.12359867793232 0.0408736587547345 -0.0142892865778907 0.41440510097436 1.67254400231993 0.452140466456958 0.612439564016531 0.484832851146397 
1.7614787476956 0.533882322630336 -0.576818155362666 0.764588568733004 -0.699441519594104 -1.12380675104134 0.0586468146022451 0.0041641798156607 0.410276561604508 1.6991252297287 0.473275513478628 0.62057597177485 0.495825720337609 
1.80704722808721 0.568729331187868 -0.608290244133043 0.764823373936816 -0.681944664311868 -1.12318322288837 0.0772431139173515 0.0227217254762389 0.405924375084394 1.72759121391436 0.496133489746392 0.628401363104363 0.507360015262757 
1.85532677189499 0.605659742336285 -0.640769142239407 0.764989877079402 -0.663630274163114 -1.12162321716086 0.0967300348824805 0.0414102999603466 0.401352356842282 1.758120474054 0.520921941083039 0.635867358451592 0.519427691721425 
1.90659140831327 0.644879685786083 -0.674295245731729 0.765042774729924 -0.64450532555948 -1.11900430355022 0.117181538899592 0.0602582280854793 0.396563994935249 1.79091016528926 0.547875993935693 0.642923542724212 0.532016339697104 
1.96114773118159 0.686616981752885 -0.708907356056548 0.764935924124109 -0.624579806542174 -1.11518344369875 0.138678793096913 0.0792954211862435 0.391562525599282 1.82617821599929 0.577262398419697 0.649517734337614 0.545108864007024 
2.01844322662612 0.730438391150944 -0.744100692909527 0.764628991219658 -0.604181432052771 -1.11008200550798 0.160964715823441 0.0982648648059689 0.386430264657446 1.86357772156997 0.608883365003792 0.655509811510982 0.558477292255934 
2.07791754545366 0.77590149826015 -0.779413111004591 0.764095455770082 -0.583618747909146 -1.1036671010364 0.183790997241132 0.116955713630432 0.381244588285495 1.90273493102877 0.642504627431454 0.660809341577266 0.571906281779568 
2.13927039187915 0.822760554218035 -0.814579222193929 0.763320432268171 -0.563084351706352 -1.09591486405155 0.207019699849338 0.135275144741084 0.376053615574262 1.94343143004108 0.678010140641717 0.665389155633127 0.585257415175804 
2.2023723374723 0.870898769142632 -0.849455893697732 0.76229717668871 -0.54269366784157 -1.0867988256939 0.23058361293825 0.153198421278229 0.370885994976522 1.98555393028894 0.715365805957516 0.669256694937546 0.598443812929015 
2.2672015563452 0.920280139482302 -0.883971541584273 0.76102426946686 -0.522513170842994 -1.07628446707379 0.254458660390377 0.17073730237509 0.365758099308917 2.02905706333024 0.754592297417124 0.672436490635217 0.611411498629001 
2.33380217453644 0.970917628622602 -0.918094013708399 0.759503641968508 -0.502579242830039 -1.06432720086891 0.278646051948944 0.187921396850471 0.360678862279552 2.0739379630568 0.79574629471704 0.674960264686616 0.624126860263241 
2.40225806509786 1.02285306657441 -0.951811140881457 0.757739286198828 -0.482910149329287 -1.05087199975444 0.303161245974956 0.204787698030897 0.355652863434637 2.12021970405997 0.838908124369745 0.676861683460161 0.636568633080997 
2.47267687268627 1.07614482835476 -0.985119328873746 0.755736435588086 -0.463513400190352 -1.03585368304476 0.328027337967153 0.221374982452466 0.350682231287844 2.16794082876631 0.884173870052769 0.67817376277064 0.648722934078279 
2.54518052538248 1.13086045352095 -1.0180170404989 0.753501045823482 -0.444390172096514 -1.01919737185582 0.353271205231953 0.23772098667379 0.34576779056483 2.21714885772798 0.931650449371194 0.678927710615806 0.660580248451013 
2.62023405269781 1.18732341575025 -1.05064326620246 0.751028128369898 -0.425455481524889 -1.00073390112773 0.379035250416816 0.253931777763149 0.340888470227914 2.26812345995089 0.981677416872688 0.67915234609737 0.672183833402228 
2.69848109550912 1.24598530049664 -1.0831786663411 0.748304389154412 -0.406596237236178 -0.980216875428624 0.405513888793623 0.27013416380479 0.336016060505549 2.32126392479561 1.03473370137443 0.678864653786339 0.683591266100689 
2.78042647515816 1.30718565856102 -1.11570648177819 0.745319319851955 -0.38775148260272 -0.957399504582197 0.432844276936972 0.286408743282577 0.331136002710442 2.37687117449857 1.09122584265533 0.678071176793859 0.694825031618156 
2.86650078100257 1.37120084206284 -1.14824988721693 0.742064599157311 -0.368889785415436 -0.932026159169079 0.461130883527652 0.302809831718261 0.326241768811463 2.43518967509172 1.15152451173271 0.676773582824262 0.705887287831408 
2.95709827442483 1.43827230090797 -1.18079256822139 0.738533581995091 -0.349996416388693 -0.903825966367272 0.490459599372661 0.319376563619167 0.321331700482379 2.4964317555263 1.21598643157936 0.674971465353601 0.716768155257956 
3.05187578372291 1.50809131175667 -1.21305064804444 0.734750061484414 -0.331205735335058 -0.872751248762342 0.520677018646361 0.336014755498626 0.316443584543102 2.56030476289483 1.28444097299402 0.672682704793002 0.727372393371892 
3.15052617541996 1.58037844675117 -1.24478345882053 0.730739171841986 -0.312622211235458 -0.83876578356736 0.55164951345369 0.352650473389712 0.311608161102297 2.62653839899461 1.35672165912407 0.669934290273082 0.737626490741149 
3.25288092004578 1.6549584545971 -1.27581972297204 0.726521829625723 -0.294306070596531 -0.801804001563748 0.583293785759847 0.369243346756778 0.306845183884589 2.69495478725753 1.43274571228815 0.666755625645593 0.747485494981238 
3.35885916761924 1.73172132084058 -1.30602997849993 0.722115661134646 -0.276289847283113 -0.761779042904597 0.615558070898732 0.385773030319837 0.302167562450028 2.76543408176331 1.51248332171761 0.66317628216499 0.756922209524763 
3.46843529834383 1.81059748480534 -1.33530958004052 0.71753569370091 -0.258588631772398 -0.718588426024344 0.648410336656174 0.402230976113839 0.297583912720301 2.83789247905415 1.59593761698932 0.659224942547325 0.765920518008714 
3.58161874881328 1.8915424337981 -1.36356837364231 0.712794838509181 -0.241206335495639 -0.672117831908909 0.681831040137035 0.418615521295406 0.293100097623513 2.91226851816144 1.68313197576757 0.654928953703745 0.774471298742586 
3.69844172542182 1.97452729541001 -1.39072443928451 0.707904215019245 -0.22413950975938 -0.622243491201884 0.715808755983654 0.43492898658191 0.288720146422956 2.98851472182143 1.77410217450381 0.650314176846638 0.782569915542997 
3.81895190265778 2.059533195313 -1.41670025784871 0.702873364283041 -0.207379684645024 -0.568833563391676 0.750337580647462 0.451175974939171 0.28444679723257 3.06659261350828 1.86889167916739 0.645404977595012 0.790214654203991 
3.94320825386461 2.14654795670637 -1.44142029677822 0.697710387943915 -0.190914814697654 -0.511748791820059 0.785415624354007 0.467362380947279 0.280281811591738 3.14646984766906 1.96754895804715 0.640224279993224 0.797405724123972 
4.07127885671386 2.23556425151968 -1.46480940807788 0.692422038755316 -0.174730181919716 -0.450842629736673 0.821044165992453 0.483494819478269 0.276226149872633 3.22811865952051 2.07012610000274 0.63479364916798 0.804144599384289 
4.20323996058942 2.32657865439701 -1.48679167494468 0.687013779489133 -0.158808963326922 -0.385960965016424 0.857227211625176 0.499580301749522 0.272280059557717 3.31151514286815 2.17667828664505 0.629133386965442 0.810433566463067 
4.33917588367168 2.41959126438235 -1.50728948777522 0.681489820506653 -0.143132584798607 -0.316941521510686 0.893971299419818 0.515626057849152 0.268443106251787 3.39663905548183 2.2872638388463 0.623262633933764 0.816275400555851 
4.47917948359733 2.51460569231394 -1.52622271479747 0.675853141691304 -0.127680932230802 -0.243612978819527 0.931285456215235 0.531639446817366 0.26471416392006 3.48347397142491 2.40194466879614 0.617199474968855 0.821673124465746 
4.62335305663879 2.61162929462426 -1.54350788085916 0.670105501374406 -0.112432460874909 -0.165793825349517 0.969181248868614 0.547627920151333 0.261091372669275 3.57200767492089 2.52078704059986 0.610961047582997 0.826629822607444 
4.77180959170925 2.71067358593377 -1.55905729428375 0.664247432844946 -0.0973642256370405 -0.0832909384191141 1.00767289650945 0.563599019276774 0.257572067207881 3.6622327379625 2.64386258981656 0.604563652412202 0.831148493448262 
4.92467435322357 2.81175479572313 -1.57277807459865 0.658278227641136 -0.0824518438969549 0.00410213283500618 1.0467774236976 0.57956039630841 0.254152675587401 3.75414725480406 2.77124958497072 0.598022865855847 0.835231929978916 
5.08208680120484 2.91489455613267 -1.58457103814565 0.652195903789364 -0.067669395019468 0.096607223132809 1.08651484280646 0.595519852796832 0.250828585101186 3.84775572764233 2.90303443829558 0.591353654901205 0.838882621481726 
5.24420288479731 3.02012072343391 -1.59432939664876 0.645997156271741 -0.0529892553150823 0.194464004914566 1.12690835887446 0.611485394615694 0.247593969745588 3.94307011365621 3.03931349313065 0.58457049432616 0.842102672047839 
5.41119777132588 3.12746834814918 -1.60193721683357 0.63967728609987 -0.0383818625749121 0.297932921281565 1.16798459296491 0.627465303581379 0.24444157102194 4.04011105717428 3.18019513471452 0.577687486626036 0.844893732618935 
5.58326910109589 3.23698082044633 -1.60726757722248 0.633230103303138 -0.0238153996173374 0.407298705492461 1.20977382148564 0.643468228390677 0.241362420710218 4.13890934433683 3.32580229231225 0.570718485177945 0.847256944149409 
5.76064089199819 3.34871123018418 -1.61018034043754 0.626647797753825 -0.00925538082603303 0.522874629295901 1.25231022934557 0.659503299413852 0.238345490177686 4.23950763320635 3.47627542644709 0.563677221331605 0.849192889998314 
5.9435682620438 3.46272399672272 -1.61051943394481 0.619920769865408 0.0053358813275908 0.645007669446166 1.2956321744391 0.675580274128506 0.235377245284829 4.3419625319813 3.63177612878778 0.556577436289404 0.850701555966029 
6.13234319809062 3.57909684464942 -1.6081094961377 0.613037410563227 0.0199999622731299 0.774084847054362 1.33978245975913 0.691709722878313 0.232441078285474 4.44634712448549 3.79249150852153 0.54943301879855 0.851782296524549 
6.3273016839365 3.69792323117278 -1.60275169310315 0.605983816166523 0.0347832097343959 0.910541087133659 1.38480860731028 0.707903268643415 0.229516577184673 4.55275407931051 3.95863960458017 0.542258149807354 0.852433805737017 
6.52883262420988 3.81931537412152 -1.5942184365094 0.59874341835935 0.0497378919061896 1.05486908030178 1.43076312464622 0.724173900277338 0.226578577083469 4.66129953284175 4.13047615848213 0.535067455308468 0.852654091049794 
6.74019296251707 3.94506574816476 -1.58206389540108 0.591196746326567 0.0651259241254224 1.20970912128377 1.47833053132175 0.740753050310876 0.223556145205245 4.77360756473876 4.31069389068058 0.527781271052245 0.852434693950151 
6.96874149845581 4.07925256471364 -1.56529332310483 0.583080026561746 0.0814925462081398 1.38102679809392 1.52905229185869 0.758150549425552 0.2203140372405 4.89334726626198 4.50546284282239 0.520205191160778 0.851728069384192 
7.22060009325187 4.22498197413452 -1.54251261374795 0.574174923628946 0.0992828628958411 1.57435180102163 1.58408947129448 0.776718315394175 0.216717357317616 5.0233361744321 4.71984835122305 0.512229861433802 0.850443574673332 
7.50181103970152 4.38504989386142 -1.51181396016063 0.5642636298135 0.11894854539966 1.79564173364977 1.6444618224617 0.796742530377621 0.212593891278371 5.16615985723026 4.95876238571969 0.503797865253059 0.848456946005763 
7.80820810907609 4.55628477115596 -1.4720940920611 0.553480221932367 0.140273488731715 2.04304543039179 1.70889549961364 0.817760081916816 0.207862852571376 5.31915663849757 5.21835130400438 0.495188556465087 0.845719690692776 
8.13426409023386 4.73487803974027 -1.4226545299638 0.541996151826456 0.163015043387513 2.31325980078872 1.77581843264364 0.839266209417826 0.202410470568605 5.47917490973966 5.49358218965649 0.486696966070987 0.842255781988433 
8.47602859208762 4.91805186769496 -1.36284874726899 0.529919582784521 0.187101546680454 2.6038694914007 1.84396685209709 0.860918499247903 0.196047741680463 5.64405185935985 5.78077059426029 0.478542218078451 0.838130367246334 
8.83076919622446 5.10380489802585 -1.2919996321603 0.517310902396784 0.212604142839266 2.91318098991148 1.91226329202712 0.882496224392231 0.188509831749807 5.8123792073414 6.07729076032971 0.470883627988714 0.833435149393093 
9.19685240229216 5.2907906258259 -1.20928024947838 0.504189268568917 0.239736796799418 3.24024467827651 1.97973753316832 0.903877907050613 0.179442865833951 5.98339229099456 6.38147879647482 0.463831012657004 0.828275397111013 
9.57407655647382 5.4784172850151 -1.11346293499915 0.490522622965449 0.26890773526168 3.58528513850715 2.04550916866301 0.925045180744334 0.168362355732819 6.15707293151392 6.6928991151321 0.457448302704609 0.82275441817137 
9.96511135987586 5.66743889996414 -1.00223499209318 0.476176881303005 0.300900554757516 3.95121977848021 2.10888066405267 0.946140159669817 0.154529252522627 6.33474685113014 7.01349412253619 0.451748027747045 0.816945644332037 
10 5.6840295583899 -0.991685394355657 0.474885983394624 0.303867278292915 3.98426155378953 2.11424817568754 0.947984728617144 0.153152627636719 6.35049956001428 7.04198721159848 0.451283479325371 0.816427977165778 
