1 4.76217393479776 0.0427350427350427
2 4.60517018598809 0.05
3 4.47733681447821 0.0568181818181818
4 4.27666611901606 0.0694444444444444
6 3.97029191355212 0.0943396226415094
9 3.38439026334577 0.169491525423729
10 3.22684399451738 0.0396825396825397
12 2.72129542785223 0.0657894736842105
15 2.40694510831829 0.0900900900900901


1 4.78787911714744 4.94602897793076 4.62972925636411
1.125 4.76589297791428 4.92394675942523 4.60783919640333
1.25 4.74390683868113 4.90186454091971 4.58594913644255
1.375 4.72192069944798 4.87978232241418 4.56405907648177
1.5 4.69993456021482 4.85770010390866 4.54216901652099
1.625 4.67794842098167 4.83561788540313 4.52027895656021
1.75 4.65596228174852 4.8135356668976 4.49838889659943
1.875 4.63397614251537 4.79145344839208 4.47649883663865
2 4.61199000328221 4.76937122988655 4.45460877667787
2.125 4.59000386404906 4.74728901138103 4.43271871671709
2.25 4.56801772481591 4.7252067928755 4.41082865675632
2.375 4.54603158558275 4.70312457436997 4.38893859679554
2.5 4.5240454463496 4.68104235586445 4.36704853683476
2.625 4.50205930711645 4.65896013735892 4.34515847687398
2.75 4.4800731678833 4.6368779188534 4.3232684169132
2.875 4.45808702865014 4.61479570034787 4.30137835695242
3 4.43610088941699 4.59271348184234 4.27948829699164
3.125 4.41411475018384 4.57063126333682 4.25759823703086
3.25 4.39212861095068 4.54854904483129 4.23570817707008
3.375 4.37014247171753 4.52646682632576 4.2138181171093
3.5 4.34815633248438 4.50438460782024 4.19192805714852
3.625 4.32617019325122 4.48230238931471 4.17003799718774
3.75 4.30418405401807 4.46022017080919 4.14814793722696
3.875 4.28219791478492 4.43813795230366 4.12625787726618
4 4.26021177555177 4.41605573379813 4.1043678173054
4.125 4.23822563631861 4.39397351529261 4.08247775734462
4.25 4.21623949708546 4.37189129678708 4.06058769738384
4.375 4.19425335785231 4.34980907828156 4.03869763742306
4.5 4.17226721861915 4.32772685977603 4.01680757746228
4.625 4.150281079386 4.3056446412705 3.9949175175015
4.75 4.12829494015285 4.28356242276498 3.97302745754072
4.875 4.1063088009197 4.26148020425945 3.95113739757994
5 4.08432266168654 4.23939798575392 3.92924733761916
5.125 4.06233652245339 4.2173157672484 3.90735727765838
5.25 4.04035038322024 4.19523354874287 3.8854672176976
5.375 4.01836424398708 4.17315133023735 3.86357715773682
5.5 3.99637810475393 4.15106911173182 3.84168709777604
5.625 3.97439196552078 4.12898689322629 3.81979703781526
5.75 3.95240582628762 4.10690467472077 3.79790697785448
5.875 3.93041968705447 4.08482245621524 3.7760169178937
6 3.90843354782132 4.06274023770972 3.75412685793292
6.125 3.88644740858817 4.04065801920419 3.73223679797214
6.25 3.86446126935501 4.01857580069866 3.71034673801136
6.375 3.84247513012186 3.99649358219314 3.68845667805058
6.5 3.82048899088871 3.97441136368761 3.6665666180898
6.625 3.79850285165555 3.95232914518208 3.64467655812902
6.75 3.7765167124224 3.93024692667656 3.62278649816824
6.875 3.75453057318925 3.90816470817103 3.60089643820746
7 3.73254443395609 3.88608248966551 3.57900637824668
7.125 3.71055829472294 3.86400027115998 3.5571163182859
7.25 3.68857215548979 3.84191805265445 3.53522625832512
7.375 3.66658601625664 3.81983583414893 3.51333619836434
7.5 3.64459987702348 3.7977536156434 3.49144613840356
7.625 3.62261373779033 3.77567139713788 3.46955607844278
7.75 3.60062759855718 3.75358917863235 3.447666018482
7.875 3.57864145932402 3.73150696012682 3.42577595852122
8 3.55665532009087 3.7094247416213 3.40388589856044
8.125 3.53466918085772 3.68734252311577 3.38199583859967
8.25 3.51268304162457 3.66526030461024 3.36010577863889
8.375 3.49069690239141 3.64317808610472 3.33821571867811
8.5 3.46871076315826 3.62109586759919 3.31632565871733
8.625 3.44672462392511 3.59901364909367 3.29443559875655
8.75 3.42473848469195 3.57693143058814 3.27254553879577
8.875 3.4027523454588 3.55484921208261 3.25065547883499
9 3.38076620622565 3.53276699357709 3.22876541887421
9.125 3.35878006699249 3.51068477507156 3.20687535891343
9.25 3.33679392775934 3.48860255656604 3.18498529895265
9.375 3.31480778852619 3.46652033806051 3.16309523899187
9.5 3.29282164929304 3.44443811955498 3.14120517903109
9.625 3.27083551005988 3.42235590104946 3.11931511907031
9.75 3.24884937082673 3.40027368254393 3.09742505910953
9.875 3.22686323159358 3.37819146403841 3.07553499914875
10 3.20487709236042 3.35610924553288 3.05364493918797
10.125 3.18289095312727 3.33402702702735 3.03175487922719
10.25 3.16090481389412 3.31194480852183 3.00986481926641
10.375 3.13891867466096 3.2898625900163 2.98797475930563
10.5 3.11693253542781 3.26778037151077 2.96608469934485
10.625 3.09494639619466 3.24569815300525 2.94419463938407
10.75 3.07296025696151 3.22361593449972 2.92230457942329
10.875 3.05097411772835 3.2015337159942 2.90041451946251
11 3.0289879784952 3.17945149748867 2.87852445950173
11.125 3.00700183926205 3.15736927898314 2.85663439954095
11.25 2.98501570002889 3.13528706047762 2.83474433958017
11.375 2.96302956079574 3.11320484197209 2.81285427961939
11.5 2.94104342156259 3.09112262346657 2.79096421965861
11.625 2.91905728232944 3.06904040496104 2.76907415969783
11.75 2.89707114309628 3.04695818645551 2.74718409973705
11.875 2.87508500386313 3.02487596794999 2.72529403977627
12 2.85309886462998 3.00279374944446 2.70340397981549
12.125 2.83111272539682 2.98071153093893 2.68151391985471
12.25 2.80912658616367 2.95862931243341 2.65962385989393
12.375 2.78714044693052 2.93654709392788 2.63773379993315
12.5 2.76515430769736 2.91446487542236 2.61584373997237
12.625 2.74316816846421 2.89238265691683 2.59395368001159
12.75 2.72118202923106 2.8703004384113 2.57206362005081
12.875 2.69919588999791 2.84821821990578 2.55017356009003
13 2.67720975076475 2.82613600140025 2.52828350012925
13.125 2.6552236115316 2.80405378289473 2.50639344016847
13.25 2.63323747229845 2.7819715643892 2.48450338020769
13.375 2.61125133306529 2.75988934588367 2.46261332024691
13.5 2.58926519383214 2.73780712737815 2.44072326028613
13.625 2.56727905459899 2.71572490887262 2.41883320032535
13.75 2.54529291536584 2.6936426903671 2.39694314036457
13.875 2.52330677613268 2.67156047186157 2.37505308040379
14 2.50132063689953 2.64947825335604 2.35316302044301
14.125 2.47933449766638 2.62739603485052 2.33127296048224
14.25 2.45734835843322 2.60531381634499 2.30938290052146
14.375 2.43536221920007 2.58323159783946 2.28749284056068
14.5 2.41337607996692 2.56114937933394 2.2656027805999
14.625 2.39138994073376 2.53906716082841 2.24371272063912
14.75 2.36940380150061 2.51698494232289 2.22182266067834
14.875 2.34741766226746 2.49490272381736 2.19993260071756
15 2.32543152303431 2.47282050531183 2.17804254075678
