

1 2.36983979541309 -0.5
1.2 1.26745684093493 -0.5
1.4 0.646612548877945 -0.5
1.6 0.271713519894717 -0.5
1.8 0.0335924212890546 -0.5
2 -0.12347759811763 -0.5
2.2 -0.230111974696217 -0.5
2.4 -0.304128251701295 -0.5
2.6 -0.356387819882526 -0.5
2.8 -0.393767903331369 -0.5
3 -0.420762493396283 -0.5
3.2 -0.440386836266339 -0.5
3.4 -0.454709514119562 -0.5
3.6 -0.465176509413279 -0.5
3.8 -0.472814629349225 -0.5
4 -0.47836264109888 -0.5
4.2 -0.482357828069966 -0.5
4.4 -0.485194344990853 -0.5
4.6 -0.48716331862658 -0.5
4.8 -0.488480883097213 -0.5
5 -0.489308085113164 -0.5
5.2 -0.489765211352777 -0.5
5.4 -0.489942223855087 -0.5
5.6 -0.489906436633954 -0.5
5.8 -0.489708208266783 -0.5
6 -0.489385189065771 -0.5
6.2 -0.488965503456887 -0.5
6.4 -0.488470140811599 -0.5
6.6 -0.487914753762319 -0.5
6.8 -0.487311010837788 -0.5
7 -0.486667612892927 -0.5
7.2 -0.485991055608357 -0.5
7.4 -0.485286200232765 -0.5
7.6 -0.484556699698704 -0.5
7.8 -0.483805315880321 -0.5
8 -0.483034155126145 -0.5
8.2 -0.482244842615462 -0.5
8.4 -0.481438651060985 -0.5
8.6 -0.480616595448382 -0.5
8.8 -0.479779502587421 -0.5
9 -0.478928062038089 -0.5
9.2 -0.478062863303922 -0.5
9.4 -0.477184422926759 -0.5
9.6 -0.476293204174024 -0.5
9.8 -0.475389631305216 -0.5
10 -0.47447409988014 -0.5


1 16.4403914497771 -0.125
1.2 10.9711916530199 -0.125
1.4 7.73133786532781 -0.125
1.6 5.66619315768702 -0.125
1.8 4.27623483571545 -0.125
2 3.30062311799849 -0.125
2.2 2.59264490898838 -0.125
2.4 2.06479808628998 -0.125
2.6 1.66235812395064 -0.125
2.8 1.34972958536544 -0.125
3 1.10298192552383 -0.125
3.2 0.905566656792807 -0.125
3.4 0.7457577759167 -0.125
3.6 0.615067583524429 -0.125
3.8 0.507235926254886 -0.125
4 0.417567878338245 -0.125
4.2 0.342489400042501 -0.125
4.4 0.27924291891557 -0.125
4.6 0.225674818272724 -0.125
4.8 0.180084550762957 -0.125
5 0.141115845507059 -0.125
5.2 0.107677153202038 -0.125
5.4 0.0788827107905438 -0.125
5.6 0.0540083509337839 -0.125
5.8 0.0324579908538827 -0.125
6 0.013737948397613 -0.125
6.2 -0.00256294077486955 -0.125
6.4 -0.0167888607825103 -0.125
6.6 -0.0292292653179291 -0.125
6.8 -0.040128615446071 -0.125
7 -0.0496941801438627 -0.125
7.2 -0.0581023294029278 -0.125
7.4 -0.0655036443324655 -0.125
7.6 -0.0720270913916113 -0.125
7.8 -0.0777834506780812 -0.125
8 -0.0828681455060785 -0.125
8.2 -0.0873635883620264 -0.125
8.4 -0.0913411339125384 -0.125
8.6 -0.0948627110342562 -0.125
8.8 -0.0979821913822007 -0.125
9 -0.100746540753463 -0.125
9.2 -0.103196790662397 -0.125
9.4 -0.105368860551007 -0.125
9.6 -0.10729425549034 -0.125
9.8 -0.109000659767268 -0.125
10 -0.110512443156207 -0.125




10 -0.425263470308668 -0.5
11 -0.434456628105624 -0.5
12 -0.442155780109662 -0.5
13 -0.448648710054888 -0.5
14 -0.454161375320494 -0.5
15 -0.458872095215914 -0.5
16 -0.46292239580773 -0.5
17 -0.466425280722216 -0.5
18 -0.469471540646511 -0.5
19 -0.472134576662476 -0.5
20 -0.47447409988014 -0.5
21 -0.47653898123639 -0.5
22 -0.478369457333773 -0.5
23 -0.479998846787133 -0.5
24 -0.48145489301095 -0.5
25 -0.482760820622239 -0.5
26 -0.483936171205963 -0.5
27 -0.484997468216412 -0.5
28 -0.485958748858177 -0.5
29 -0.486831991854557 -0.5
30 -0.487627463294085 -0.5
31 -0.488353997675347 -0.5
32 -0.489019227425898 -0.5
33 -0.489629771242576 -0.5
34 -0.490191389358989 -0.5
35 -0.490709112121686 -0.5
36 -0.491187346923978 -0.5
37 -0.491629967511217 -0.5
38 -0.492040388863434 -0.5
39 -0.492421630227781 -0.5
40 -0.492776368374076 -0.5
41 -0.493106982751785 -0.5
42 -0.493415593912602 -0.5
43 -0.493704096312232 -0.5
44 -0.493974186403727 -0.5
45 -0.494227386773 -0.5
46 -0.494465066936179 -0.5
47 -0.49468846131233 -0.5
48 -0.494898684798386 -0.5
49 -0.495096746302707 -0.5
50 -0.495283560535293 -0.5
51 -0.495459958305074 -0.5
52 -0.495626695535213 -0.5
53 -0.495784461174512 -0.5
54 -0.495933884155955 -0.5
55 -0.496075539530513 -0.5
56 -0.496209953885643 -0.5
57 -0.496337610141542 -0.5
58 -0.496458951805367 -0.5
59 -0.496574386751763 -0.5
60 -0.49668429058894 -0.5
61 -0.496789009661059 -0.5
62 -0.496888863731001 -0.5
63 -0.496984148381754 -0.5
64 -0.497075137169353 -0.5
65 -0.497162083556418 -0.5
66 -0.497245222651098 -0.5
67 -0.49732477277364 -0.5
68 -0.497400936869828 -0.5
69 -0.497473903787688 -0.5
70 -0.497543849432801 -0.5
71 -0.497610937815031 -0.5
72 -0.497675321997968 -0.5
73 -0.497737144961411 -0.5
74 -0.497796540385951 -0.5
75 -0.497853633367344 -0.5
76 -0.497908541067814 -0.5
77 -0.497961373310725 -0.5
78 -0.498012233123879 -0.5
79 -0.498061217236656 -0.5
80 -0.498108416535405 -0.5
81 -0.498153916480807 -0.5
82 -0.498197797491033 -0.5
83 -0.49824013529388 -0.5
84 -0.498281001250484 -0.5
85 -0.498320462653324 -0.5
86 -0.49835858300086 -0.5
87 -0.498395422250861 -0.5
88 -0.498431037054187 -0.5
89 -0.498465480970783 -0.5
90 -0.498498804669535 -0.5
91 -0.498531056113152 -0.5
92 -0.498562280729438 -0.5
93 -0.498592521570101 -0.5
94 -0.498621819457986 -0.5
95 -0.498650213124003 -0.5
96 -0.49867773933422 -0.5
97 -0.498704433007944 -0.5
98 -0.498730327327868 -0.5
99 -0.4987554538425 -0.5
100 -0.498779842561638 -0.5


10 -0.104876517571724 -0.125
11 -0.106068417890869 -0.125
12 -0.107014084577218 -0.125
13 -0.107776181902383 -0.125
14 -0.108398830099619 -0.125
15 -0.108913766881194 -0.125
16 -0.109344262997476 -0.125
17 -0.109707675496545 -0.125
18 -0.110017151514691 -0.125
19 -0.110282789102044 -0.125
20 -0.110512443156206 -0.125
21 -0.110712294640378 -0.125
22 -0.110887258962989 -0.125
23 -0.111041283207009 -0.125
24 -0.111177565341358 -0.125
25 -0.111298717878462 -0.125
26 -0.111406891444978 -0.125
27 -0.111503869068027 -0.125
28 -0.11159113882198 -0.125
29 -0.111669950313547 -0.125
30 -0.111741358975357 -0.125
31 -0.111806261076869 -0.125
32 -0.11186542160528 -0.125
33 -0.111919496624755 -0.125
34 -0.111969051326332 -0.125
35 -0.112014574690098 -0.125
36 -0.112056491465703 -0.125
37 -0.11209517201631 -0.125
38 -0.112130940449817 -0.125
39 -0.112164081368895 -0.125
40 -0.112194845501272 -0.125
41 -0.112223454417121 -0.125
42 -0.112250104498754 -0.125
43 -0.112274970294721 -0.125
44 -0.112298207364965 -0.125
45 -0.11231995470324 -0.125
46 -0.112340336807017 -0.125
47 -0.112359465452216 -0.125
48 -0.112377441219865 -0.125
49 -0.112394354813416 -0.125
50 -0.112410288199008 -0.125
51 -0.112425315595139 -0.125
52 -0.112439504334183 -0.125
53 -0.112452915614295 -0.125
54 -0.112465605157304 -0.125
55 -0.112477623785858 -0.125
56 -0.112489017930883 -0.125
57 -0.112499830078831 -0.125
58 -0.11251009916667 -0.125
59 -0.112519860931596 -0.125
60 -0.11252914822122 -0.125
61 -0.112537991269225 -0.125
62 -0.112546417940833 -0.125
63 -0.112554453951923 -0.125
64 -0.112562123064738 -0.125
65 -0.112569447263205 -0.125
66 -0.112576446910204 -0.125
67 -0.112583140888786 -0.125
68 -0.112589546729277 -0.125
69 -0.112595680723884 -0.125
70 -0.112601558030085 -0.125
71 -0.112607192764089 -0.125
72 -0.112612598085509 -0.125
73 -0.11261778627401 -0.125
74 -0.112622768798948 -0.125
75 -0.112627556382725 -0.125
76 -0.112632159058285 -0.125
77 -0.112636586221731 -0.125
78 -0.112640846680052 -0.125
79 -0.112644948695005 -0.125
80 -0.112648900023058 -0.125
81 -0.112652707952028 -0.125
82 -0.112656379334493 -0.125
83 -0.112659920618887 -0.125
84 -0.112663337877521 -0.125
85 -0.112666636832627 -0.125
86 -0.112669822880401 -0.125
87 -0.112672901112933 -0.125
88 -0.112675876338565 -0.125
89 -0.112678753100636 -0.125
90 -0.112681535694847 -0.125
91 -0.112684228185288 -0.125
92 -0.112686834419084 -0.125
93 -0.112689358040457 -0.125
94 -0.112691802503193 -0.125
95 -0.11269417108238 -0.125
96 -0.1126964668858 -0.125
97 -0.112698692863544 -0.125
98 -0.112700851817893 -0.125
99 -0.11270294641196 -0.125
100 -0.112704979177988 -0.125
